site_name,site_type,query_distinct,query_run_date,query_period,periods_back,days_back,raw_result_count,compared_result_count,date_query_start,date_query_end
"Google","All","m1","2014-04-21","months","1","31","42500","-16000","2014-03-21","2014-04-21"
"Google","All","m2","2014-04-21","months","2","62","58500","-20200","2014-02-18","2014-03-21"
"Google","All","m3","2014-04-21","months","3","93","78700","-8700","2014-01-18","2014-02-18"
"Google","All","m4","2014-04-21","months","4","124","87400","87400","2013-12-18","2014-01-18"
"Aljazeera","Traditional","aljazeera.com-m1","2014-04-21","months","1","31","29","-12","2014-03-21","2014-04-21"
"Aljazeera","Traditional","aljazeera.com-m2","2014-04-21","months","2","62","41","-9","2014-02-18","2014-03-21"
"Aljazeera","Traditional","aljazeera.com-m3","2014-04-21","months","3","93","50","-6","2014-01-18","2014-02-18"
"Aljazeera","Traditional","aljazeera.com-m4","2014-04-21","months","4","124","56","56","2013-12-18","2014-01-18"
"AlterNet","Independent","alternet.org-m1","2014-04-21","months","1","31","1","0","2014-03-21","2014-04-21"
"AlterNet","Independent","alternet.org-m2","2014-04-21","months","2","62","1","0","2014-02-18","2014-03-21"
"AlterNet","Independent","alternet.org-m3","2014-04-21","months","3","93","1","-1","2014-01-18","2014-02-18"
"AlterNet","Independent","alternet.org-m4","2014-04-21","months","4","124","2","2","2013-12-18","2014-01-18"
"BBC","Traditional","bbc.co.uk-m1","2014-04-21","months","1","31","19","-15","2014-03-21","2014-04-21"
"BBC","Traditional","bbc.co.uk-m2","2014-04-21","months","2","62","34","-9","2014-02-18","2014-03-21"
"BBC","Traditional","bbc.co.uk-m3","2014-04-21","months","3","93","43","-9","2014-01-18","2014-02-18"
"BBC","Traditional","bbc.co.uk-m4","2014-04-21","months","4","124","52","52","2013-12-18","2014-01-18"
"Blogspot","Blogs-Social","blogspot.com-m1","2014-04-21","months","1","31","1400","-800","2014-03-21","2014-04-21"
"Blogspot","Blogs-Social","blogspot.com-m2","2014-04-21","months","2","62","2200","-1160","2014-02-18","2014-03-21"
"Blogspot","Blogs-Social","blogspot.com-m3","2014-04-21","months","3","93","3360","-620","2014-01-18","2014-02-18"
"Blogspot","Blogs-Social","blogspot.com-m4","2014-04-21","months","4","124","3980","3980","2013-12-18","2014-01-18"
"CBC","Traditional","cbc.ca-m1","2014-04-21","months","1","31","3","0","2014-03-21","2014-04-21"
"CBC","Traditional","cbc.ca-m2","2014-04-21","months","2","62","3","-80","2014-02-18","2014-03-21"
"CBC","Traditional","cbc.ca-m3","2014-04-21","months","3","93","83","-16","2014-01-18","2014-02-18"
"CBC","Traditional","cbc.ca-m4","2014-04-21","months","4","124","99","99","2013-12-18","2014-01-18"
"CNN","Traditional","cnn.com-m1","2014-04-21","months","1","31","20","-6","2014-03-21","2014-04-21"
"CNN","Traditional","cnn.com-m2","2014-04-21","months","2","62","26","-11","2014-02-18","2014-03-21"
"CNN","Traditional","cnn.com-m3","2014-04-21","months","3","93","37","-6","2014-01-18","2014-02-18"
"CNN","Traditional","cnn.com-m4","2014-04-21","months","4","124","43","43","2013-12-18","2014-01-18"
"FoxNews.com","Traditional","foxnews.com-m1","2014-04-21","months","1","31","4","-2","2014-03-21","2014-04-21"
"FoxNews.com","Traditional","foxnews.com-m2","2014-04-21","months","2","62","6","-1","2014-02-18","2014-03-21"
"FoxNews.com","Traditional","foxnews.com-m3","2014-04-21","months","3","93","7","-2","2014-01-18","2014-02-18"
"FoxNews.com","Traditional","foxnews.com-m4","2014-04-21","months","4","124","9","9","2013-12-18","2014-01-18"
"The Huffington Post","Traditional","huffingtonpost.com-m1","2014-04-21","months","1","31","105","-19","2014-03-21","2014-04-21"
"The Huffington Post","Traditional","huffingtonpost.com-m2","2014-04-21","months","2","62","124","-26","2014-02-18","2014-03-21"
"The Huffington Post","Traditional","huffingtonpost.com-m3","2014-04-21","months","3","93","150","-14","2014-01-18","2014-02-18"
"The Huffington Post","Traditional","huffingtonpost.com-m4","2014-04-21","months","4","124","164","164","2013-12-18","2014-01-18"
"The Independent","Independent","independent.co.uk-m1","2014-04-21","months","1","31","4","-1","2014-03-21","2014-04-21"
"The Independent","Independent","independent.co.uk-m2","2014-04-21","months","2","62","5","-1","2014-02-18","2014-03-21"
"The Independent","Independent","independent.co.uk-m3","2014-04-21","months","3","93","6","-2","2014-01-18","2014-02-18"
"The Independent","Independent","independent.co.uk-m4","2014-04-21","months","4","124","8","8","2013-12-18","2014-01-18"
"IOL","Traditional","iol.co.za-m1","2014-04-21","months","1","31","3","0","2014-03-21","2014-04-21"
"IOL","Traditional","iol.co.za-m2","2014-04-21","months","2","62","3","0","2014-02-18","2014-03-21"
"IOL","Traditional","iol.co.za-m3","2014-04-21","months","3","93","3","-1","2014-01-18","2014-02-18"
"IOL","Traditional","iol.co.za-m4","2014-04-21","months","4","124","4","4","2013-12-18","2014-01-18"
"Los Angeles Times","Traditional","latimes.com-m1","2014-04-21","months","1","31","31","-12","2014-03-21","2014-04-21"
"Los Angeles Times","Traditional","latimes.com-m2","2014-04-21","months","2","62","43","-25","2014-02-18","2014-03-21"
"Los Angeles Times","Traditional","latimes.com-m3","2014-04-21","months","3","93","68","-16","2014-01-18","2014-02-18"
"Los Angeles Times","Traditional","latimes.com-m4","2014-04-21","months","4","124","84","84","2013-12-18","2014-01-18"
"News.com.au","Traditional","news.com.au-m1","2014-04-21","months","1","31","28","-4","2014-03-21","2014-04-21"
"News.com.au","Traditional","news.com.au-m2","2014-04-21","months","2","62","32","-5","2014-02-18","2014-03-21"
"News.com.au","Traditional","news.com.au-m3","2014-04-21","months","3","93","37","-2","2014-01-18","2014-02-18"
"News.com.au","Traditional","news.com.au-m4","2014-04-21","months","4","124","39","39","2013-12-18","2014-01-18"
"The New York Times","Traditional","nytimes.com-m1","2014-04-21","months","1","31","50","-7","2014-03-21","2014-04-21"
"The New York Times","Traditional","nytimes.com-m2","2014-04-21","months","2","62","57","-8","2014-02-18","2014-03-21"
"The New York Times","Traditional","nytimes.com-m3","2014-04-21","months","3","93","65","-7","2014-01-18","2014-02-18"
"The New York Times","Traditional","nytimes.com-m4","2014-04-21","months","4","124","72","72","2013-12-18","2014-01-18"
"Reddit","Blogs-Social","reddit.com-m1","2014-04-21","months","1","31","16","-5","2014-03-21","2014-04-21"
"Reddit","Blogs-Social","reddit.com-m2","2014-04-21","months","2","62","21","-17","2014-02-18","2014-03-21"
"Reddit","Blogs-Social","reddit.com-m3","2014-04-21","months","3","93","38","-8","2014-01-18","2014-02-18"
"Reddit","Blogs-Social","reddit.com-m4","2014-04-21","months","4","124","46","46","2013-12-18","2014-01-18"
"The Daily Beast","Independent","thedailybeast.com-m1","2014-04-21","months","1","31","4","-2","2014-03-21","2014-04-21"
"The Daily Beast","Independent","thedailybeast.com-m2","2014-04-21","months","2","62","6","-4","2014-02-18","2014-03-21"
"The Daily Beast","Independent","thedailybeast.com-m3","2014-04-21","months","3","93","10","-2","2014-01-18","2014-02-18"
"The Daily Beast","Independent","thedailybeast.com-m4","2014-04-21","months","4","124","12","12","2013-12-18","2014-01-18"
"The Guardian","Traditional","theguardian.com-m1","2014-04-21","months","1","31","51","-19","2014-03-21","2014-04-21"
"The Guardian","Traditional","theguardian.com-m2","2014-04-21","months","2","62","70","-23","2014-02-18","2014-03-21"
"The Guardian","Traditional","theguardian.com-m3","2014-04-21","months","3","93","93","-12","2014-01-18","2014-02-18"
"The Guardian","Traditional","theguardian.com-m4","2014-04-21","months","4","124","105","105","2013-12-18","2014-01-18"
"The Washington Post","Traditional","washingtonpost.com-m1","2014-04-21","months","1","31","21","-6","2014-03-21","2014-04-21"
"The Washington Post","Traditional","washingtonpost.com-m2","2014-04-21","months","2","62","27","-6","2014-02-18","2014-03-21"
"The Washington Post","Traditional","washingtonpost.com-m3","2014-04-21","months","3","93","33","-5","2014-01-18","2014-02-18"
"The Washington Post","Traditional","washingtonpost.com-m4","2014-04-21","months","4","124","38","38","2013-12-18","2014-01-18"
"WorldNews Network","Independent","wn.com-m1","2014-04-21","months","1","31","3040","-1350","2014-03-21","2014-04-21"
"WorldNews Network","Independent","wn.com-m2","2014-04-21","months","2","62","4390","-1870","2014-02-18","2014-03-21"
"WorldNews Network","Independent","wn.com-m3","2014-04-21","months","3","93","6260","-220","2014-01-18","2014-02-18"
"WorldNews Network","Independent","wn.com-m4","2014-04-21","months","4","124","6480","6480","2013-12-18","2014-01-18"
"Wordpress","Blogs-Social","wordpress.com-m1","2014-04-21","months","1","31","1660","-850","2014-03-21","2014-04-21"
"Wordpress","Blogs-Social","wordpress.com-m2","2014-04-21","months","2","62","2510","-1750","2014-02-18","2014-03-21"
"Wordpress","Blogs-Social","wordpress.com-m3","2014-04-21","months","3","93","4260","-450","2014-01-18","2014-02-18"
"Wordpress","Blogs-Social","wordpress.com-m4","2014-04-21","months","4","124","4710","4710","2013-12-18","2014-01-18"
"Xinhuanet","Traditional","xinhuanet.com-m1","2014-04-21","months","1","31","6","-11","2014-03-21","2014-04-21"
"Xinhuanet","Traditional","xinhuanet.com-m2","2014-04-21","months","2","62","17","-8","2014-02-18","2014-03-21"
"Xinhuanet","Traditional","xinhuanet.com-m3","2014-04-21","months","3","93","25","-10","2014-01-18","2014-02-18"
"Xinhuanet","Traditional","xinhuanet.com-m4","2014-04-21","months","4","124","35","35","2013-12-18","2014-01-18"
