site_name,site_type,query_distinct,query_run_date,query_period,periods_back,days_back,raw_result_count,compared_result_count,date_query_start,date_query_end
"Google","All","m1","2014-04-21","months","1","31","435000000","-33000000","2014-03-21","2014-04-21"
"Google","All","m2","2014-04-21","months","2","62","468000000","-138000000","2014-02-18","2014-03-21"
"Google","All","m3","2014-04-21","months","3","93","606000000","606000000","2014-01-18","2014-02-18"
"Aljazeera","Traditional","aljazeera.com-m1","2014-04-21","months","1","31","4980","-2480","2014-03-21","2014-04-21"
"Aljazeera","Traditional","aljazeera.com-m2","2014-04-21","months","2","62","7460","-4340","2014-02-18","2014-03-21"
"Aljazeera","Traditional","aljazeera.com-m3","2014-04-21","months","3","93","11800","-2600","2014-01-18","2014-02-18"
"Aljazeera","Traditional","aljazeera.com-m4","2014-04-21","months","4","124","14400","14400","2013-12-18","2014-01-18"
"AlterNet","Independent","alternet.org-m1","2014-04-21","months","1","31","6180","-750","2014-03-21","2014-04-21"
"AlterNet","Independent","alternet.org-m2","2014-04-21","months","2","62","6930","-1200","2014-02-18","2014-03-21"
"AlterNet","Independent","alternet.org-m3","2014-04-21","months","3","93","8130","-410","2014-01-18","2014-02-18"
"AlterNet","Independent","alternet.org-m4","2014-04-21","months","4","124","8540","8540","2013-12-18","2014-01-18"
"BBC","Traditional","bbc.co.uk-m1","2014-04-21","months","1","31","68800","-25600","2014-03-21","2014-04-21"
"BBC","Traditional","bbc.co.uk-m2","2014-04-21","months","2","62","94400","-87600","2014-02-18","2014-03-21"
"BBC","Traditional","bbc.co.uk-m3","2014-04-21","months","3","93","182000","-228000","2014-01-18","2014-02-18"
"BBC","Traditional","bbc.co.uk-m4","2014-04-21","months","4","124","410000","410000","2013-12-18","2014-01-18"
"Blogspot","Blogs-Social","blogspot.com-m1","2014-04-21","months","1","31","2190000","-1000000","2014-03-21","2014-04-21"
"Blogspot","Blogs-Social","blogspot.com-m2","2014-04-21","months","2","62","3190000","-1370000","2014-02-18","2014-03-21"
"Blogspot","Blogs-Social","blogspot.com-m3","2014-04-21","months","3","93","4560000","-440000","2014-01-18","2014-02-18"
"Blogspot","Blogs-Social","blogspot.com-m4","2014-04-21","months","4","124","5000000","5000000","2013-12-18","2014-01-18"
"CBC","Traditional","cbc.ca-m1","2014-04-21","months","1","31","26400","-17300","2014-03-21","2014-04-21"
"CBC","Traditional","cbc.ca-m2","2014-04-21","months","2","62","43700","-32500","2014-02-18","2014-03-21"
"CBC","Traditional","cbc.ca-m3","2014-04-21","months","3","93","76200","-16400","2014-01-18","2014-02-18"
"CBC","Traditional","cbc.ca-m4","2014-04-21","months","4","124","92600","92600","2013-12-18","2014-01-18"
"CNN","Traditional","cnn.com-m1","2014-04-21","months","1","31","41200","-19600","2014-03-21","2014-04-21"
"CNN","Traditional","cnn.com-m2","2014-04-21","months","2","62","60800","-36900","2014-02-18","2014-03-21"
"CNN","Traditional","cnn.com-m3","2014-04-21","months","3","93","97700","-22300","2014-01-18","2014-02-18"
"CNN","Traditional","cnn.com-m4","2014-04-21","months","4","124","120000","120000","2013-12-18","2014-01-18"
"FoxNews.com","Traditional","foxnews.com-m1","2014-04-21","months","1","31","14800","-7800","2014-03-21","2014-04-21"
"FoxNews.com","Traditional","foxnews.com-m2","2014-04-21","months","2","62","22600","-14200","2014-02-18","2014-03-21"
"FoxNews.com","Traditional","foxnews.com-m3","2014-04-21","months","3","93","36800","-8900","2014-01-18","2014-02-18"
"FoxNews.com","Traditional","foxnews.com-m4","2014-04-21","months","4","124","45700","45700","2013-12-18","2014-01-18"
"The Huffington Post","Traditional","huffingtonpost.com-m1","2014-04-21","months","1","31","62100","-20900","2014-03-21","2014-04-21"
"The Huffington Post","Traditional","huffingtonpost.com-m2","2014-04-21","months","2","62","83000","-33000","2014-02-18","2014-03-21"
"The Huffington Post","Traditional","huffingtonpost.com-m3","2014-04-21","months","3","93","116000","-102000","2014-01-18","2014-02-18"
"The Huffington Post","Traditional","huffingtonpost.com-m4","2014-04-21","months","4","124","218000","218000","2013-12-18","2014-01-18"
"The Independent","Independent","independent.co.uk-m1","2014-04-21","months","1","31","14100","-4600","2014-03-21","2014-04-21"
"The Independent","Independent","independent.co.uk-m2","2014-04-21","months","2","62","18700","-6900","2014-02-18","2014-03-21"
"The Independent","Independent","independent.co.uk-m3","2014-04-21","months","3","93","25600","-5100","2014-01-18","2014-02-18"
"The Independent","Independent","independent.co.uk-m4","2014-04-21","months","4","124","30700","30700","2013-12-18","2014-01-18"
"IOL","Traditional","iol.co.za-m1","2014-04-21","months","1","31","6130","-3120","2014-03-21","2014-04-21"
"IOL","Traditional","iol.co.za-m2","2014-04-21","months","2","62","9250","-4750","2014-02-18","2014-03-21"
"IOL","Traditional","iol.co.za-m3","2014-04-21","months","3","93","14000","-3100","2014-01-18","2014-02-18"
"IOL","Traditional","iol.co.za-m4","2014-04-21","months","4","124","17100","17100","2013-12-18","2014-01-18"
"Los Angeles Times","Traditional","latimes.com-m1","2014-04-21","months","1","31","15800","-7000","2014-03-21","2014-04-21"
"Los Angeles Times","Traditional","latimes.com-m2","2014-04-21","months","2","62","22800","-12300","2014-02-18","2014-03-21"
"Los Angeles Times","Traditional","latimes.com-m3","2014-04-21","months","3","93","35100","-8100","2014-01-18","2014-02-18"
"Los Angeles Times","Traditional","latimes.com-m4","2014-04-21","months","4","124","43200","43200","2013-12-18","2014-01-18"
"News.com.au","Traditional","news.com.au-m1","2014-04-21","months","1","31","12700","-5000","2014-03-21","2014-04-21"
"News.com.au","Traditional","news.com.au-m2","2014-04-21","months","2","62","17700","-8400","2014-02-18","2014-03-21"
"News.com.au","Traditional","news.com.au-m3","2014-04-21","months","3","93","26100","-7500","2014-01-18","2014-02-18"
"News.com.au","Traditional","news.com.au-m4","2014-04-21","months","4","124","33600","33600","2013-12-18","2014-01-18"
"The New York Times","Traditional","nytimes.com-m1","2014-04-21","months","1","31","13800","-4700","2014-03-21","2014-04-21"
"The New York Times","Traditional","nytimes.com-m2","2014-04-21","months","2","62","18500","-9500","2014-02-18","2014-03-21"
"The New York Times","Traditional","nytimes.com-m3","2014-04-21","months","3","93","28000","-6600","2014-01-18","2014-02-18"
"The New York Times","Traditional","nytimes.com-m4","2014-04-21","months","4","124","34600","34600","2013-12-18","2014-01-18"
"Reddit","Blogs-Social","reddit.com-m1","2014-04-21","months","1","31","913000","-847000","2014-03-21","2014-04-21"
"Reddit","Blogs-Social","reddit.com-m2","2014-04-21","months","2","62","1760000","-150000","2014-02-18","2014-03-21"
"Reddit","Blogs-Social","reddit.com-m3","2014-04-21","months","3","93","1910000","0","2014-01-18","2014-02-18"
"Reddit","Blogs-Social","reddit.com-m4","2014-04-21","months","4","124","1910000","1910000","2013-12-18","2014-01-18"
"Spiegel","Traditional","spiegel.de-m1","2014-04-21","months","1","31","4480","-2700","2014-03-21","2014-04-21"
"Spiegel","Traditional","spiegel.de-m2","2014-04-21","months","2","62","7180","-5020","2014-02-18","2014-03-21"
"Spiegel","Traditional","spiegel.de-m3","2014-04-21","months","3","93","12200","-3200","2014-01-18","2014-02-18"
"Spiegel","Traditional","spiegel.de-m4","2014-04-21","months","4","124","15400","15400","2013-12-18","2014-01-18"
"The Daily Beast","Independent","thedailybeast.com-m1","2014-04-21","months","1","31","1830","-770","2014-03-21","2014-04-21"
"The Daily Beast","Independent","thedailybeast.com-m2","2014-04-21","months","2","62","2600","-1440","2014-02-18","2014-03-21"
"The Daily Beast","Independent","thedailybeast.com-m3","2014-04-21","months","3","93","4040","-860","2014-01-18","2014-02-18"
"The Daily Beast","Independent","thedailybeast.com-m4","2014-04-21","months","4","124","4900","4900","2013-12-18","2014-01-18"
"The Guardian","Traditional","theguardian.com-m1","2014-04-21","months","1","31","28200","-10500","2014-03-21","2014-04-21"
"The Guardian","Traditional","theguardian.com-m2","2014-04-21","months","2","62","38700","-16600","2014-02-18","2014-03-21"
"The Guardian","Traditional","theguardian.com-m3","2014-04-21","months","3","93","55300","-11500","2014-01-18","2014-02-18"
"The Guardian","Traditional","theguardian.com-m4","2014-04-21","months","4","124","66800","66800","2013-12-18","2014-01-18"
"theRealNews.com","Independent","therealnews.com-m1","2014-04-21","months","1","31","330","-173","2014-03-21","2014-04-21"
"theRealNews.com","Independent","therealnews.com-m2","2014-04-21","months","2","62","503","-244","2014-02-18","2014-03-21"
"theRealNews.com","Independent","therealnews.com-m3","2014-04-21","months","3","93","747","-185","2014-01-18","2014-02-18"
"theRealNews.com","Independent","therealnews.com-m4","2014-04-21","months","4","124","932","932","2013-12-18","2014-01-18"
"The Washington Post","Traditional","washingtonpost.com-m1","2014-04-21","months","1","31","20900","-6600","2014-03-21","2014-04-21"
"The Washington Post","Traditional","washingtonpost.com-m2","2014-04-21","months","2","62","27500","-10500","2014-02-18","2014-03-21"
"The Washington Post","Traditional","washingtonpost.com-m3","2014-04-21","months","3","93","38000","-6000","2014-01-18","2014-02-18"
"The Washington Post","Traditional","washingtonpost.com-m4","2014-04-21","months","4","124","44000","44000","2013-12-18","2014-01-18"
"WorldNews Network","Independent","wn.com-m1","2014-04-21","months","1","31","1370000","-70000","2014-03-21","2014-04-21"
"WorldNews Network","Independent","wn.com-m2","2014-04-21","months","2","62","1440000","-30000","2014-02-18","2014-03-21"
"WorldNews Network","Independent","wn.com-m3","2014-04-21","months","3","93","1470000","-20000","2014-01-18","2014-02-18"
"WorldNews Network","Independent","wn.com-m4","2014-04-21","months","4","124","1490000","1490000","2013-12-18","2014-01-18"
"Wordpress","Blogs-Social","wordpress.com-m1","2014-04-21","months","1","31","6050000","-5250000","2014-03-21","2014-04-21"
"Wordpress","Blogs-Social","wordpress.com-m2","2014-04-21","months","2","62","11300000","-7000000","2014-02-18","2014-03-21"
"Wordpress","Blogs-Social","wordpress.com-m3","2014-04-21","months","3","93","18300000","-7400000","2014-01-18","2014-02-18"
"Wordpress","Blogs-Social","wordpress.com-m4","2014-04-21","months","4","124","25700000","25700000","2013-12-18","2014-01-18"
"Xinhuanet","Traditional","xinhuanet.com-m1","2014-04-21","months","1","31","363000","0","2014-03-21","2014-04-21"
"Xinhuanet","Traditional","xinhuanet.com-m2","2014-04-21","months","2","62","363000","-1000","2014-02-18","2014-03-21"
"Xinhuanet","Traditional","xinhuanet.com-m3","2014-04-21","months","3","93","364000","-1000","2014-01-18","2014-02-18"
"Xinhuanet","Traditional","xinhuanet.com-m4","2014-04-21","months","4","124","365000","365000","2013-12-18","2014-01-18"
