site_name,site_type,query_distinct,query_run_date,query_period,periods_back,days_back,raw_result_count,compared_result_count,date_query_start,date_query_end
"Google","All","m1","2014-04-19","months","1","31","50700","-26900","2014-03-19","2014-04-19"
"Google","All","m2","2014-04-19","months","2","62","77600","-27400","2014-02-16","2014-03-19"
"Google","All","m3","2014-04-19","months","3","93","105000","-352000","2014-01-16","2014-02-16"
"Google","All","m4","2014-04-19","months","4","124","457000","73000","2013-12-16","2014-01-16"
"Google","All","m5","2014-04-19","months","5","155","384000","-165000","2013-11-15","2013-12-16"
"Google","All","m6","2014-04-19","months","6","186","549000","549000","2013-10-15","2013-11-15"
"Aljazeera","Traditional","aljazeera.com-m1","2014-04-19","months","1","31","13","-6","2014-03-19","2014-04-19"
"Aljazeera","Traditional","aljazeera.com-m2","2014-04-19","months","2","62","19","-11","2014-02-16","2014-03-19"
"Aljazeera","Traditional","aljazeera.com-m3","2014-04-19","months","3","93","30","-38","2014-01-16","2014-02-16"
"Aljazeera","Traditional","aljazeera.com-m4","2014-04-19","months","4","124","68","-18","2013-12-16","2014-01-16"
"Aljazeera","Traditional","aljazeera.com-m5","2014-04-19","months","5","155","86","-117","2013-11-15","2013-12-16"
"Aljazeera","Traditional","aljazeera.com-m6","2014-04-19","months","6","186","203","203","2013-10-15","2013-11-15"
"AlterNet","Independent","alternet.org-m1","2014-04-19","months","1","31","3","-1","2014-03-19","2014-04-19"
"AlterNet","Independent","alternet.org-m2","2014-04-19","months","2","62","4","0","2014-02-16","2014-03-19"
"AlterNet","Independent","alternet.org-m3","2014-04-19","months","3","93","4","-1","2014-01-16","2014-02-16"
"AlterNet","Independent","alternet.org-m4","2014-04-19","months","4","124","5","-1","2013-12-16","2014-01-16"
"AlterNet","Independent","alternet.org-m5","2014-04-19","months","5","155","6","-11","2013-11-15","2013-12-16"
"AlterNet","Independent","alternet.org-m6","2014-04-19","months","6","186","17","17","2013-10-15","2013-11-15"
"BBC","Traditional","bbc.co.uk-m1","2014-04-19","months","1","31","19","-20","2014-03-19","2014-04-19"
"BBC","Traditional","bbc.co.uk-m2","2014-04-19","months","2","62","39","-24","2014-02-16","2014-03-19"
"BBC","Traditional","bbc.co.uk-m3","2014-04-19","months","3","93","63","-75","2014-01-16","2014-02-16"
"BBC","Traditional","bbc.co.uk-m4","2014-04-19","months","4","124","138","-49","2013-12-16","2014-01-16"
"BBC","Traditional","bbc.co.uk-m5","2014-04-19","months","5","155","187","-352","2013-11-15","2013-12-16"
"BBC","Traditional","bbc.co.uk-m6","2014-04-19","months","6","186","539","539","2013-10-15","2013-11-15"
"Blogspot","Blogs-Social","blogspot.com-m1","2014-04-19","months","1","31","1490","-820","2014-03-19","2014-04-19"
"Blogspot","Blogs-Social","blogspot.com-m2","2014-04-19","months","2","62","2310","-1020","2014-02-16","2014-03-19"
"Blogspot","Blogs-Social","blogspot.com-m3","2014-04-19","months","3","93","3330","-3440","2014-01-16","2014-02-16"
"Blogspot","Blogs-Social","blogspot.com-m4","2014-04-19","months","4","124","6770","50","2013-12-16","2014-01-16"
"Blogspot","Blogs-Social","blogspot.com-m5","2014-04-19","months","5","155","6720","-3980","2013-11-15","2013-12-16"
"Blogspot","Blogs-Social","blogspot.com-m6","2014-04-19","months","6","186","10700","10700","2013-10-15","2013-11-15"
"CBC","Traditional","cbc.ca-m1","2014-04-19","months","1","31","20","-21","2014-03-19","2014-04-19"
"CBC","Traditional","cbc.ca-m2","2014-04-19","months","2","62","41","-44","2014-02-16","2014-03-19"
"CBC","Traditional","cbc.ca-m3","2014-04-19","months","3","93","85","-94","2014-01-16","2014-02-16"
"CBC","Traditional","cbc.ca-m4","2014-04-19","months","4","124","179","3","2013-12-16","2014-01-16"
"CBC","Traditional","cbc.ca-m5","2014-04-19","months","5","155","176","-212","2013-11-15","2013-12-16"
"CBC","Traditional","cbc.ca-m6","2014-04-19","months","6","186","388","388","2013-10-15","2013-11-15"
"CNN","Traditional","cnn.com-m1","2014-04-19","months","1","31","1840","-600","2014-03-19","2014-04-19"
"CNN","Traditional","cnn.com-m2","2014-04-19","months","2","62","2440","-570","2014-02-16","2014-03-19"
"CNN","Traditional","cnn.com-m3","2014-04-19","months","3","93","3010","-430","2014-01-16","2014-02-16"
"CNN","Traditional","cnn.com-m4","2014-04-19","months","4","124","3440","20","2013-12-16","2014-01-16"
"CNN","Traditional","cnn.com-m5","2014-04-19","months","5","155","3420","-590","2013-11-15","2013-12-16"
"CNN","Traditional","cnn.com-m6","2014-04-19","months","6","186","4010","4010","2013-10-15","2013-11-15"
"FoxNews.com","Traditional","foxnews.com-m1","2014-04-19","months","1","31","17","-5","2014-03-19","2014-04-19"
"FoxNews.com","Traditional","foxnews.com-m2","2014-04-19","months","2","62","22","-11","2014-02-16","2014-03-19"
"FoxNews.com","Traditional","foxnews.com-m3","2014-04-19","months","3","93","33","-26","2014-01-16","2014-02-16"
"FoxNews.com","Traditional","foxnews.com-m4","2014-04-19","months","4","124","59","-17","2013-12-16","2014-01-16"
"FoxNews.com","Traditional","foxnews.com-m5","2014-04-19","months","5","155","76","-72","2013-11-15","2013-12-16"
"FoxNews.com","Traditional","foxnews.com-m6","2014-04-19","months","6","186","148","148","2013-10-15","2013-11-15"
"The Huffington Post","Traditional","huffingtonpost.com-m1","2014-04-19","months","1","31","139","-68","2014-03-19","2014-04-19"
"The Huffington Post","Traditional","huffingtonpost.com-m2","2014-04-19","months","2","62","207","-85","2014-02-16","2014-03-19"
"The Huffington Post","Traditional","huffingtonpost.com-m3","2014-04-19","months","3","93","292","-192","2014-01-16","2014-02-16"
"The Huffington Post","Traditional","huffingtonpost.com-m4","2014-04-19","months","4","124","484","-108","2013-12-16","2014-01-16"
"The Huffington Post","Traditional","huffingtonpost.com-m5","2014-04-19","months","5","155","592","-342","2013-11-15","2013-12-16"
"The Huffington Post","Traditional","huffingtonpost.com-m6","2014-04-19","months","6","186","934","934","2013-10-15","2013-11-15"
"The Independent","Independent","independent.co.uk-m1","2014-04-19","months","1","31","14","-10","2014-03-19","2014-04-19"
"The Independent","Independent","independent.co.uk-m2","2014-04-19","months","2","62","24","-8","2014-02-16","2014-03-19"
"The Independent","Independent","independent.co.uk-m3","2014-04-19","months","3","93","32","-29","2014-01-16","2014-02-16"
"The Independent","Independent","independent.co.uk-m4","2014-04-19","months","4","124","61","-16","2013-12-16","2014-01-16"
"The Independent","Independent","independent.co.uk-m5","2014-04-19","months","5","155","77","-63","2013-11-15","2013-12-16"
"The Independent","Independent","independent.co.uk-m6","2014-04-19","months","6","186","140","140","2013-10-15","2013-11-15"
"IOL","Traditional","iol.co.za-m1","2014-04-19","months","1","31","2","-5","2014-03-19","2014-04-19"
"IOL","Traditional","iol.co.za-m2","2014-04-19","months","2","62","7","-1","2014-02-16","2014-03-19"
"IOL","Traditional","iol.co.za-m3","2014-04-19","months","3","93","8","-13","2014-01-16","2014-02-16"
"IOL","Traditional","iol.co.za-m4","2014-04-19","months","4","124","21","-6","2013-12-16","2014-01-16"
"IOL","Traditional","iol.co.za-m5","2014-04-19","months","5","155","27","-24","2013-11-15","2013-12-16"
"IOL","Traditional","iol.co.za-m6","2014-04-19","months","6","186","51","51","2013-10-15","2013-11-15"
"Los Angeles Times","Traditional","latimes.com-m1","2014-04-19","months","1","31","20","-7","2014-03-19","2014-04-19"
"Los Angeles Times","Traditional","latimes.com-m2","2014-04-19","months","2","62","27","-10","2014-02-16","2014-03-19"
"Los Angeles Times","Traditional","latimes.com-m3","2014-04-19","months","3","93","37","-40","2014-01-16","2014-02-16"
"Los Angeles Times","Traditional","latimes.com-m4","2014-04-19","months","4","124","77","-21","2013-12-16","2014-01-16"
"Los Angeles Times","Traditional","latimes.com-m5","2014-04-19","months","5","155","98","-124","2013-11-15","2013-12-16"
"Los Angeles Times","Traditional","latimes.com-m6","2014-04-19","months","6","186","222","222","2013-10-15","2013-11-15"
"News.com.au","Traditional","news.com.au-m1","2014-04-19","months","1","31","5","-1","2014-03-19","2014-04-19"
"News.com.au","Traditional","news.com.au-m2","2014-04-19","months","2","62","6","-4","2014-02-16","2014-03-19"
"News.com.au","Traditional","news.com.au-m3","2014-04-19","months","3","93","10","-39","2014-01-16","2014-02-16"
"News.com.au","Traditional","news.com.au-m4","2014-04-19","months","4","124","49","-5","2013-12-16","2014-01-16"
"News.com.au","Traditional","news.com.au-m5","2014-04-19","months","5","155","54","-71","2013-11-15","2013-12-16"
"News.com.au","Traditional","news.com.au-m6","2014-04-19","months","6","186","125","125","2013-10-15","2013-11-15"
"The New York Times","Traditional","nytimes.com-m1","2014-04-19","months","1","31","40","-21","2014-03-19","2014-04-19"
"The New York Times","Traditional","nytimes.com-m2","2014-04-19","months","2","62","61","-29","2014-02-16","2014-03-19"
"The New York Times","Traditional","nytimes.com-m3","2014-04-19","months","3","93","90","-49","2014-01-16","2014-02-16"
"The New York Times","Traditional","nytimes.com-m4","2014-04-19","months","4","124","139","-24","2013-12-16","2014-01-16"
"The New York Times","Traditional","nytimes.com-m5","2014-04-19","months","5","155","163","-102","2013-11-15","2013-12-16"
"The New York Times","Traditional","nytimes.com-m6","2014-04-19","months","6","186","265","265","2013-10-15","2013-11-15"
"Reddit","Blogs-Social","reddit.com-m1","2014-04-19","months","1","31","20","-558","2014-03-19","2014-04-19"
"Reddit","Blogs-Social","reddit.com-m2","2014-04-19","months","2","62","578","-632","2014-02-16","2014-03-19"
"Reddit","Blogs-Social","reddit.com-m3","2014-04-19","months","3","93","1210","-890","2014-01-16","2014-02-16"
"Reddit","Blogs-Social","reddit.com-m4","2014-04-19","months","4","124","2100","30","2013-12-16","2014-01-16"
"Reddit","Blogs-Social","reddit.com-m5","2014-04-19","months","5","155","2070","-360","2013-11-15","2013-12-16"
"Reddit","Blogs-Social","reddit.com-m6","2014-04-19","months","6","186","2430","2430","2013-10-15","2013-11-15"
"Spiegel","Traditional","spiegel.de-m1","2014-04-19","months","1","31","1","-1","2014-03-19","2014-04-19"
"Spiegel","Traditional","spiegel.de-m2","2014-04-19","months","2","62","2","0","2014-02-16","2014-03-19"
"Spiegel","Traditional","spiegel.de-m3","2014-04-19","months","3","93","2","0","2014-01-16","2014-02-16"
"Spiegel","Traditional","spiegel.de-m4","2014-04-19","months","4","124","2","-12","2013-12-16","2014-01-16"
"Spiegel","Traditional","spiegel.de-m5","2014-04-19","months","5","155","14","-7","2013-11-15","2013-12-16"
"Spiegel","Traditional","spiegel.de-m6","2014-04-19","months","6","186","21","21","2013-10-15","2013-11-15"
"The Daily Beast","Independent","thedailybeast.com-m1","2014-04-19","months","1","31","1","0","2014-03-19","2014-04-19"
"The Daily Beast","Independent","thedailybeast.com-m2","2014-04-19","months","2","62","1","-2","2014-02-16","2014-03-19"
"The Daily Beast","Independent","thedailybeast.com-m3","2014-04-19","months","3","93","3","-2","2014-01-16","2014-02-16"
"The Daily Beast","Independent","thedailybeast.com-m4","2014-04-19","months","4","124","5","-3","2013-12-16","2014-01-16"
"The Daily Beast","Independent","thedailybeast.com-m5","2014-04-19","months","5","155","8","-18","2013-11-15","2013-12-16"
"The Daily Beast","Independent","thedailybeast.com-m6","2014-04-19","months","6","186","26","26","2013-10-15","2013-11-15"
"The Guardian","Traditional","theguardian.com-m1","2014-04-19","months","1","31","109","-33","2014-03-19","2014-04-19"
"The Guardian","Traditional","theguardian.com-m2","2014-04-19","months","2","62","142","-60","2014-02-16","2014-03-19"
"The Guardian","Traditional","theguardian.com-m3","2014-04-19","months","3","93","202","-146","2014-01-16","2014-02-16"
"The Guardian","Traditional","theguardian.com-m4","2014-04-19","months","4","124","348","-67","2013-12-16","2014-01-16"
"The Guardian","Traditional","theguardian.com-m5","2014-04-19","months","5","155","415","-263","2013-11-15","2013-12-16"
"The Guardian","Traditional","theguardian.com-m6","2014-04-19","months","6","186","678","678","2013-10-15","2013-11-15"
"theRealNews.com","Independent","therealnews.com-m1","2014-04-19","months","1","31","4","-3","2014-03-19","2014-04-19"
"theRealNews.com","Independent","therealnews.com-m2","2014-04-19","months","2","62","7","-3","2014-02-16","2014-03-19"
"theRealNews.com","Independent","therealnews.com-m3","2014-04-19","months","3","93","10","0","2014-01-16","2014-02-16"
"theRealNews.com","Independent","therealnews.com-m4","2014-04-19","months","4","124","10","-2","2013-12-16","2014-01-16"
"theRealNews.com","Independent","therealnews.com-m5","2014-04-19","months","5","155","12","-5","2013-11-15","2013-12-16"
"theRealNews.com","Independent","therealnews.com-m6","2014-04-19","months","6","186","17","17","2013-10-15","2013-11-15"
"The Washington Post","Traditional","washingtonpost.com-m1","2014-04-19","months","1","31","5","-4","2014-03-19","2014-04-19"
"The Washington Post","Traditional","washingtonpost.com-m2","2014-04-19","months","2","62","9","-16","2014-02-16","2014-03-19"
"The Washington Post","Traditional","washingtonpost.com-m3","2014-04-19","months","3","93","25","-25","2014-01-16","2014-02-16"
"The Washington Post","Traditional","washingtonpost.com-m4","2014-04-19","months","4","124","50","-13","2013-12-16","2014-01-16"
"The Washington Post","Traditional","washingtonpost.com-m5","2014-04-19","months","5","155","63","-116","2013-11-15","2013-12-16"
"The Washington Post","Traditional","washingtonpost.com-m6","2014-04-19","months","6","186","179","179","2013-10-15","2013-11-15"
"WorldNews Network","Independent","wn.com-m1","2014-04-19","months","1","31","3360","-2110","2014-03-19","2014-04-19"
"WorldNews Network","Independent","wn.com-m2","2014-04-19","months","2","62","5470","-1340","2014-02-16","2014-03-19"
"WorldNews Network","Independent","wn.com-m3","2014-04-19","months","3","93","6810","-970","2014-01-16","2014-02-16"
"WorldNews Network","Independent","wn.com-m4","2014-04-19","months","4","124","7780","-10","2013-12-16","2014-01-16"
"WorldNews Network","Independent","wn.com-m5","2014-04-19","months","5","155","7790","-2150","2013-11-15","2013-12-16"
"WorldNews Network","Independent","wn.com-m6","2014-04-19","months","6","186","9940","9940","2013-10-15","2013-11-15"
"Wordpress","Blogs-Social","wordpress.com-m1","2014-04-19","months","1","31","1670","-850","2014-03-19","2014-04-19"
"Wordpress","Blogs-Social","wordpress.com-m2","2014-04-19","months","2","62","2520","-930","2014-02-16","2014-03-19"
"Wordpress","Blogs-Social","wordpress.com-m3","2014-04-19","months","3","93","3450","-1980","2014-01-16","2014-02-16"
"Wordpress","Blogs-Social","wordpress.com-m4","2014-04-19","months","4","124","5430","10","2013-12-16","2014-01-16"
"Wordpress","Blogs-Social","wordpress.com-m5","2014-04-19","months","5","155","5420","-2450","2013-11-15","2013-12-16"
"Wordpress","Blogs-Social","wordpress.com-m6","2014-04-19","months","6","186","7870","7870","2013-10-15","2013-11-15"
"Xinhuanet","Traditional","xinhuanet.com-m1","2014-04-19","months","1","31","421","-311","2014-03-19","2014-04-19"
"Xinhuanet","Traditional","xinhuanet.com-m2","2014-04-19","months","2","62","732","-428","2014-02-16","2014-03-19"
"Xinhuanet","Traditional","xinhuanet.com-m3","2014-04-19","months","3","93","1160","-340","2014-01-16","2014-02-16"
"Xinhuanet","Traditional","xinhuanet.com-m4","2014-04-19","months","4","124","1500","0","2013-12-16","2014-01-16"
"Xinhuanet","Traditional","xinhuanet.com-m5","2014-04-19","months","5","155","1500","-740","2013-11-15","2013-12-16"
"Xinhuanet","Traditional","xinhuanet.com-m6","2014-04-19","months","6","186","2240","2240","2013-10-15","2013-11-15"
