site_name,site_type,query_distinct,query_run_date,query_period,periods_back,days_back,raw_result_count,compared_result_count,date_query_start,date_query_end
"Aljazeera","Traditional","aljazeera.com-m1","2014-04-18","months","1","31","9","0","2014-03-18","2014-04-18"
"Aljazeera","Traditional","aljazeera.com-m2","2014-04-18","months","2","62","9","-18","2014-02-15","2014-03-18"
"Aljazeera","Traditional","aljazeera.com-m3","2014-04-18","months","3","93","27","-40","2014-01-15","2014-02-15"
"Aljazeera","Traditional","aljazeera.com-m4","2014-04-18","months","4","124","67","-80","2013-12-15","2014-01-15"
"Aljazeera","Traditional","aljazeera.com-m5","2014-04-18","months","5","155","147","-52","2013-11-14","2013-12-15"
"Aljazeera","Traditional","aljazeera.com-m6","2014-04-18","months","6","186","199","199","2013-10-14","2013-11-14"
"AlterNet","Independent","alternet.org-m1","2014-04-18","months","1","31","3","-1","2014-03-18","2014-04-18"
"AlterNet","Independent","alternet.org-m2","2014-04-18","months","2","62","4","0","2014-02-15","2014-03-18"
"AlterNet","Independent","alternet.org-m3","2014-04-18","months","3","93","4","-1","2014-01-15","2014-02-15"
"AlterNet","Independent","alternet.org-m4","2014-04-18","months","4","124","5","-2","2013-12-15","2014-01-15"
"AlterNet","Independent","alternet.org-m5","2014-04-18","months","5","155","7","-10","2013-11-14","2013-12-15"
"AlterNet","Independent","alternet.org-m6","2014-04-18","months","6","186","17","17","2013-10-14","2013-11-14"
"BBC","Traditional","bbc.co.uk-m1","2014-04-18","months","1","31","17","-22","2014-03-18","2014-04-18"
"BBC","Traditional","bbc.co.uk-m2","2014-04-18","months","2","62","39","-21","2014-02-15","2014-03-18"
"BBC","Traditional","bbc.co.uk-m3","2014-04-18","months","3","93","60","-77","2014-01-15","2014-02-15"
"BBC","Traditional","bbc.co.uk-m4","2014-04-18","months","4","124","137","-256","2013-12-15","2014-01-15"
"BBC","Traditional","bbc.co.uk-m5","2014-04-18","months","5","155","393","-145","2013-11-14","2013-12-15"
"BBC","Traditional","bbc.co.uk-m6","2014-04-18","months","6","186","538","538","2013-10-14","2013-11-14"
"Blogspot","Blogs-Social","blogspot.com-m1","2014-04-18","months","1","31","1510","-820","2014-03-18","2014-04-18"
"Blogspot","Blogs-Social","blogspot.com-m2","2014-04-18","months","2","62","2330","-1050","2014-02-15","2014-03-18"
"Blogspot","Blogs-Social","blogspot.com-m3","2014-04-18","months","3","93","3380","-3440","2014-01-15","2014-02-15"
"Blogspot","Blogs-Social","blogspot.com-m4","2014-04-18","months","4","124","6820","-4080","2013-12-15","2014-01-15"
"Blogspot","Blogs-Social","blogspot.com-m5","2014-04-18","months","5","155","10900","100","2013-11-14","2013-12-15"
"Blogspot","Blogs-Social","blogspot.com-m6","2014-04-18","months","6","186","10800","10800","2013-10-14","2013-11-14"
"CBC","Traditional","cbc.ca-m1","2014-04-18","months","1","31","20","-20","2014-03-18","2014-04-18"
"CBC","Traditional","cbc.ca-m2","2014-04-18","months","2","62","40","-45","2014-02-15","2014-03-18"
"CBC","Traditional","cbc.ca-m3","2014-04-18","months","3","93","85","-97","2014-01-15","2014-02-15"
"CBC","Traditional","cbc.ca-m4","2014-04-18","months","4","124","182","-345","2013-12-15","2014-01-15"
"CBC","Traditional","cbc.ca-m5","2014-04-18","months","5","155","527","133","2013-11-14","2013-12-15"
"CBC","Traditional","cbc.ca-m6","2014-04-18","months","6","186","394","394","2013-10-14","2013-11-14"
"CNN","Traditional","cnn.com-m1","2014-04-18","months","1","31","1780","-610","2014-03-18","2014-04-18"
"CNN","Traditional","cnn.com-m2","2014-04-18","months","2","62","2390","-580","2014-02-15","2014-03-18"
"CNN","Traditional","cnn.com-m3","2014-04-18","months","3","93","2970","-420","2014-01-15","2014-02-15"
"CNN","Traditional","cnn.com-m4","2014-04-18","months","4","124","3390","-670","2013-12-15","2014-01-15"
"CNN","Traditional","cnn.com-m5","2014-04-18","months","5","155","4060","100","2013-11-14","2013-12-15"
"CNN","Traditional","cnn.com-m6","2014-04-18","months","6","186","3960","3960","2013-10-14","2013-11-14"
"FoxNews.com","Traditional","foxnews.com-m1","2014-04-18","months","1","31","14","-6","2014-03-18","2014-04-18"
"FoxNews.com","Traditional","foxnews.com-m2","2014-04-18","months","2","62","20","-11","2014-02-15","2014-03-18"
"FoxNews.com","Traditional","foxnews.com-m3","2014-04-18","months","3","93","31","-27","2014-01-15","2014-02-15"
"FoxNews.com","Traditional","foxnews.com-m4","2014-04-18","months","4","124","58","-66","2013-12-15","2014-01-15"
"FoxNews.com","Traditional","foxnews.com-m5","2014-04-18","months","5","155","124","-25","2013-11-14","2013-12-15"
"FoxNews.com","Traditional","foxnews.com-m6","2014-04-18","months","6","186","149","149","2013-10-14","2013-11-14"
"The Huffington Post","Traditional","huffingtonpost.com-m1","2014-04-18","months","1","31","134","-67","2014-03-18","2014-04-18"
"The Huffington Post","Traditional","huffingtonpost.com-m2","2014-04-18","months","2","62","201","-83","2014-02-15","2014-03-18"
"The Huffington Post","Traditional","huffingtonpost.com-m3","2014-04-18","months","3","93","284","-198","2014-01-15","2014-02-15"
"The Huffington Post","Traditional","huffingtonpost.com-m4","2014-04-18","months","4","124","482","-288","2013-12-15","2014-01-15"
"The Huffington Post","Traditional","huffingtonpost.com-m5","2014-04-18","months","5","155","770","-156","2013-11-14","2013-12-15"
"The Huffington Post","Traditional","huffingtonpost.com-m6","2014-04-18","months","6","186","926","926","2013-10-14","2013-11-14"
"The Independent","Independent","independent.co.uk-m1","2014-04-18","months","1","31","14","-10","2014-03-18","2014-04-18"
"The Independent","Independent","independent.co.uk-m2","2014-04-18","months","2","62","24","-7","2014-02-15","2014-03-18"
"The Independent","Independent","independent.co.uk-m3","2014-04-18","months","3","93","31","-29","2014-01-15","2014-02-15"
"The Independent","Independent","independent.co.uk-m4","2014-04-18","months","4","124","60","-54","2013-12-15","2014-01-15"
"The Independent","Independent","independent.co.uk-m5","2014-04-18","months","5","155","114","-23","2013-11-14","2013-12-15"
"The Independent","Independent","independent.co.uk-m6","2014-04-18","months","6","186","137","137","2013-10-14","2013-11-14"
"IOL","Traditional","iol.co.za-m1","2014-04-18","months","1","31","3","-4","2014-03-18","2014-04-18"
"IOL","Traditional","iol.co.za-m2","2014-04-18","months","2","62","7","-1","2014-02-15","2014-03-18"
"IOL","Traditional","iol.co.za-m3","2014-04-18","months","3","93","8","-13","2014-01-15","2014-02-15"
"IOL","Traditional","iol.co.za-m4","2014-04-18","months","4","124","21","-21","2013-12-15","2014-01-15"
"IOL","Traditional","iol.co.za-m5","2014-04-18","months","5","155","42","-9","2013-11-14","2013-12-15"
"IOL","Traditional","iol.co.za-m6","2014-04-18","months","6","186","51","51","2013-10-14","2013-11-14"
"Los Angeles Times","Traditional","latimes.com-m1","2014-04-18","months","1","31","19","-6","2014-03-18","2014-04-18"
"Los Angeles Times","Traditional","latimes.com-m2","2014-04-18","months","2","62","25","-12","2014-02-15","2014-03-18"
"Los Angeles Times","Traditional","latimes.com-m3","2014-04-18","months","3","93","37","-41","2014-01-15","2014-02-15"
"Los Angeles Times","Traditional","latimes.com-m4","2014-04-18","months","4","124","78","-101","2013-12-15","2014-01-15"
"Los Angeles Times","Traditional","latimes.com-m5","2014-04-18","months","5","155","179","-43","2013-11-14","2013-12-15"
"Los Angeles Times","Traditional","latimes.com-m6","2014-04-18","months","6","186","222","222","2013-10-14","2013-11-14"
"News.com.au","Traditional","news.com.au-m1","2014-04-18","months","1","31","16","-6","2014-03-18","2014-04-18"
"News.com.au","Traditional","news.com.au-m2","2014-04-18","months","2","62","22","-3","2014-02-15","2014-03-18"
"News.com.au","Traditional","news.com.au-m3","2014-04-18","months","3","93","25","-31","2014-01-15","2014-02-15"
"News.com.au","Traditional","news.com.au-m4","2014-04-18","months","4","124","56","-58","2013-12-15","2014-01-15"
"News.com.au","Traditional","news.com.au-m5","2014-04-18","months","5","155","114","-14","2013-11-14","2013-12-15"
"News.com.au","Traditional","news.com.au-m6","2014-04-18","months","6","186","128","128","2013-10-14","2013-11-14"
"The New York Times","Traditional","nytimes.com-m1","2014-04-18","months","1","31","34","-21","2014-03-18","2014-04-18"
"The New York Times","Traditional","nytimes.com-m2","2014-04-18","months","2","62","55","-30","2014-02-15","2014-03-18"
"The New York Times","Traditional","nytimes.com-m3","2014-04-18","months","3","93","85","-49","2014-01-15","2014-02-15"
"The New York Times","Traditional","nytimes.com-m4","2014-04-18","months","4","124","134","-82","2013-12-15","2014-01-15"
"The New York Times","Traditional","nytimes.com-m5","2014-04-18","months","5","155","216","-44","2013-11-14","2013-12-15"
"The New York Times","Traditional","nytimes.com-m6","2014-04-18","months","6","186","260","260","2013-10-14","2013-11-14"
"Reddit","Blogs-Social","reddit.com-m1","2014-04-18","months","1","31","22","-564","2014-03-18","2014-04-18"
"Reddit","Blogs-Social","reddit.com-m2","2014-04-18","months","2","62","586","-634","2014-02-15","2014-03-18"
"Reddit","Blogs-Social","reddit.com-m3","2014-04-18","months","3","93","1220","-900","2014-01-15","2014-02-15"
"Reddit","Blogs-Social","reddit.com-m4","2014-04-18","months","4","124","2120","-330","2013-12-15","2014-01-15"
"Reddit","Blogs-Social","reddit.com-m5","2014-04-18","months","5","155","2450","0","2013-11-14","2013-12-15"
"Reddit","Blogs-Social","reddit.com-m6","2014-04-18","months","6","186","2450","2450","2013-10-14","2013-11-14"
"Spiegel","Traditional","spiegel.de-m1","2014-04-18","months","1","31","1","-1","2014-03-18","2014-04-18"
"Spiegel","Traditional","spiegel.de-m2","2014-04-18","months","2","62","2","0","2014-02-15","2014-03-18"
"Spiegel","Traditional","spiegel.de-m3","2014-04-18","months","3","93","2","0","2014-01-15","2014-02-15"
"Spiegel","Traditional","spiegel.de-m4","2014-04-18","months","4","124","2","-17","2013-12-15","2014-01-15"
"Spiegel","Traditional","spiegel.de-m5","2014-04-18","months","5","155","19","-3","2013-11-14","2013-12-15"
"Spiegel","Traditional","spiegel.de-m6","2014-04-18","months","6","186","22","22","2013-10-14","2013-11-14"
"The Daily Beast","Independent","thedailybeast.com-m1","2014-04-18","months","1","31","1","0","2014-03-18","2014-04-18"
"The Daily Beast","Independent","thedailybeast.com-m2","2014-04-18","months","2","62","1","-2","2014-02-15","2014-03-18"
"The Daily Beast","Independent","thedailybeast.com-m3","2014-04-18","months","3","93","3","-2","2014-01-15","2014-02-15"
"The Daily Beast","Independent","thedailybeast.com-m4","2014-04-18","months","4","124","5","-4","2013-12-15","2014-01-15"
"The Daily Beast","Independent","thedailybeast.com-m5","2014-04-18","months","5","155","9","-17","2013-11-14","2013-12-15"
"The Daily Beast","Independent","thedailybeast.com-m6","2014-04-18","months","6","186","26","26","2013-10-14","2013-11-14"
"The Guardian","Traditional","theguardian.com-m1","2014-04-18","months","1","31","108","-37","2014-03-18","2014-04-18"
"The Guardian","Traditional","theguardian.com-m2","2014-04-18","months","2","62","145","-62","2014-02-15","2014-03-18"
"The Guardian","Traditional","theguardian.com-m3","2014-04-18","months","3","93","207","-147","2014-01-15","2014-02-15"
"The Guardian","Traditional","theguardian.com-m4","2014-04-18","months","4","124","354","-204","2013-12-15","2014-01-15"
"The Guardian","Traditional","theguardian.com-m5","2014-04-18","months","5","155","558","-126","2013-11-14","2013-12-15"
"The Guardian","Traditional","theguardian.com-m6","2014-04-18","months","6","186","684","684","2013-10-14","2013-11-14"
"theRealNews.com","Independent","therealnews.com-m1","2014-04-18","months","1","31","4","-3","2014-03-18","2014-04-18"
"theRealNews.com","Independent","therealnews.com-m2","2014-04-18","months","2","62","7","-3","2014-02-15","2014-03-18"
"theRealNews.com","Independent","therealnews.com-m3","2014-04-18","months","3","93","10","0","2014-01-15","2014-02-15"
"theRealNews.com","Independent","therealnews.com-m4","2014-04-18","months","4","124","10","-5","2013-12-15","2014-01-15"
"theRealNews.com","Independent","therealnews.com-m5","2014-04-18","months","5","155","15","-2","2013-11-14","2013-12-15"
"theRealNews.com","Independent","therealnews.com-m6","2014-04-18","months","6","186","17","17","2013-10-14","2013-11-14"
"The Washington Post","Traditional","washingtonpost.com-m1","2014-04-18","months","1","31","7","-3","2014-03-18","2014-04-18"
"The Washington Post","Traditional","washingtonpost.com-m2","2014-04-18","months","2","62","10","-16","2014-02-15","2014-03-18"
"The Washington Post","Traditional","washingtonpost.com-m3","2014-04-18","months","3","93","26","-25","2014-01-15","2014-02-15"
"The Washington Post","Traditional","washingtonpost.com-m4","2014-04-18","months","4","124","51","-76","2013-12-15","2014-01-15"
"The Washington Post","Traditional","washingtonpost.com-m5","2014-04-18","months","5","155","127","-53","2013-11-14","2013-12-15"
"The Washington Post","Traditional","washingtonpost.com-m6","2014-04-18","months","6","186","180","180","2013-10-14","2013-11-14"
"WorldNews Network","Independent","wn.com-m1","2014-04-18","months","1","31","3260","-2120","2014-03-18","2014-04-18"
"WorldNews Network","Independent","wn.com-m2","2014-04-18","months","2","62","5380","-1340","2014-02-15","2014-03-18"
"WorldNews Network","Independent","wn.com-m3","2014-04-18","months","3","93","6720","-990","2014-01-15","2014-02-15"
"WorldNews Network","Independent","wn.com-m4","2014-04-18","months","4","124","7710","-2240","2013-12-15","2014-01-15"
"WorldNews Network","Independent","wn.com-m5","2014-04-18","months","5","155","9950","10","2013-11-14","2013-12-15"
"WorldNews Network","Independent","wn.com-m6","2014-04-18","months","6","186","9940","9940","2013-10-14","2013-11-14"
"Wordpress","Blogs-Social","wordpress.com-m1","2014-04-18","months","1","31","1640","-860","2014-03-18","2014-04-18"
"Wordpress","Blogs-Social","wordpress.com-m2","2014-04-18","months","2","62","2500","-940","2014-02-15","2014-03-18"
"Wordpress","Blogs-Social","wordpress.com-m3","2014-04-18","months","3","93","3440","-2000","2014-01-15","2014-02-15"
"Wordpress","Blogs-Social","wordpress.com-m4","2014-04-18","months","4","124","5440","-2430","2013-12-15","2014-01-15"
"Wordpress","Blogs-Social","wordpress.com-m5","2014-04-18","months","5","155","7870","10","2013-11-14","2013-12-15"
"Wordpress","Blogs-Social","wordpress.com-m6","2014-04-18","months","6","186","7860","7860","2013-10-14","2013-11-14"
"Xinhuanet","Traditional","xinhuanet.com-m1","2014-04-18","months","1","31","395","-320","2014-03-18","2014-04-18"
"Xinhuanet","Traditional","xinhuanet.com-m2","2014-04-18","months","2","62","715","-435","2014-02-15","2014-03-18"
"Xinhuanet","Traditional","xinhuanet.com-m3","2014-04-18","months","3","93","1150","-340","2014-01-15","2014-02-15"
"Xinhuanet","Traditional","xinhuanet.com-m4","2014-04-18","months","4","124","1490","-750","2013-12-15","2014-01-15"
"Xinhuanet","Traditional","xinhuanet.com-m5","2014-04-18","months","5","155","2240","0","2013-11-14","2013-12-15"
"Xinhuanet","Traditional","xinhuanet.com-m6","2014-04-18","months","6","186","2240","2240","2013-10-14","2013-11-14"
