site_name,site_type,query_distinct,query_run_date,query_period,periods_back,days_back,raw_result_count,compared_result_count,date_query_start,date_query_end
"Google","All","m1","2014-04-18","months","1","31","457000000","-113000000","2014-03-18","2014-04-18"
"Google","All","m2","2014-04-18","months","2","62","570000000","-59000000","2014-02-15","2014-03-18"
"Google","All","m3","2014-04-18","months","3","93","629000000","-57000000","2014-01-15","2014-02-15"
"Google","All","m4","2014-04-18","months","4","124","686000000","0","2013-12-15","2014-01-15"
"Google","All","m5","2014-04-18","months","5","155","686000000","0","2013-11-14","2013-12-15"
"Google","All","m6","2014-04-18","months","6","186","686000000","686000000","2013-10-14","2013-11-14"
"Aljazeera","Traditional","aljazeera.com-m1","2014-04-18","months","1","31","5040","-3260","2014-03-18","2014-04-18"
"Aljazeera","Traditional","aljazeera.com-m2","2014-04-18","months","2","62","8300","-3300","2014-02-15","2014-03-18"
"Aljazeera","Traditional","aljazeera.com-m3","2014-04-18","months","3","93","11600","-2700","2014-01-15","2014-02-15"
"Aljazeera","Traditional","aljazeera.com-m4","2014-04-18","months","4","124","14300","-2500","2013-12-15","2014-01-15"
"Aljazeera","Traditional","aljazeera.com-m5","2014-04-18","months","5","155","16800","0","2013-11-14","2013-12-15"
"Aljazeera","Traditional","aljazeera.com-m6","2014-04-18","months","6","186","16800","16800","2013-10-14","2013-11-14"
"AlterNet","Independent","alternet.org-m1","2014-04-18","months","1","31","7540","-950","2014-03-18","2014-04-18"
"AlterNet","Independent","alternet.org-m2","2014-04-18","months","2","62","8490","-800","2014-02-15","2014-03-18"
"AlterNet","Independent","alternet.org-m3","2014-04-18","months","3","93","9290","-680","2014-01-15","2014-02-15"
"AlterNet","Independent","alternet.org-m4","2014-04-18","months","4","124","9970","-730","2013-12-15","2014-01-15"
"AlterNet","Independent","alternet.org-m5","2014-04-18","months","5","155","10700","0","2013-11-14","2013-12-15"
"AlterNet","Independent","alternet.org-m6","2014-04-18","months","6","186","10700","10700","2013-10-14","2013-11-14"
"BBC","Traditional","bbc.co.uk-m1","2014-04-18","months","1","31","71000","-33000","2014-03-18","2014-04-18"
"BBC","Traditional","bbc.co.uk-m2","2014-04-18","months","2","62","104000","-62000","2014-02-15","2014-03-18"
"BBC","Traditional","bbc.co.uk-m3","2014-04-18","months","3","93","166000","-234000","2014-01-15","2014-02-15"
"BBC","Traditional","bbc.co.uk-m4","2014-04-18","months","4","124","400000","-190000","2013-12-15","2014-01-15"
"BBC","Traditional","bbc.co.uk-m5","2014-04-18","months","5","155","590000","1000","2013-11-14","2013-12-15"
"BBC","Traditional","bbc.co.uk-m6","2014-04-18","months","6","186","589000","589000","2013-10-14","2013-11-14"
"Blogspot","Blogs-Social","blogspot.com-m1","2014-04-18","months","1","31","2330000","-1170000","2014-03-18","2014-04-18"
"Blogspot","Blogs-Social","blogspot.com-m2","2014-04-18","months","2","62","3500000","-1080000","2014-02-15","2014-03-18"
"Blogspot","Blogs-Social","blogspot.com-m3","2014-04-18","months","3","93","4580000","-440000","2014-01-15","2014-02-15"
"Blogspot","Blogs-Social","blogspot.com-m4","2014-04-18","months","4","124","5020000","-360000","2013-12-15","2014-01-15"
"Blogspot","Blogs-Social","blogspot.com-m5","2014-04-18","months","5","155","5380000","0","2013-11-14","2013-12-15"
"Blogspot","Blogs-Social","blogspot.com-m6","2014-04-18","months","6","186","5380000","5380000","2013-10-14","2013-11-14"
"CBC","Traditional","cbc.ca-m1","2014-04-18","months","1","31","29000","-24600","2014-03-18","2014-04-18"
"CBC","Traditional","cbc.ca-m2","2014-04-18","months","2","62","53600","-23300","2014-02-15","2014-03-18"
"CBC","Traditional","cbc.ca-m3","2014-04-18","months","3","93","76900","-16800","2014-01-15","2014-02-15"
"CBC","Traditional","cbc.ca-m4","2014-04-18","months","4","124","93700","-18300","2013-12-15","2014-01-15"
"CBC","Traditional","cbc.ca-m5","2014-04-18","months","5","155","112000","0","2013-11-14","2013-12-15"
"CBC","Traditional","cbc.ca-m6","2014-04-18","months","6","186","112000","112000","2013-10-14","2013-11-14"
"CNN","Traditional","cnn.com-m1","2014-04-18","months","1","31","38800","-24100","2014-03-18","2014-04-18"
"CNN","Traditional","cnn.com-m2","2014-04-18","months","2","62","62900","-25100","2014-02-15","2014-03-18"
"CNN","Traditional","cnn.com-m3","2014-04-18","months","3","93","88000","-20000","2014-01-15","2014-02-15"
"CNN","Traditional","cnn.com-m4","2014-04-18","months","4","124","108000","-37000","2013-12-15","2014-01-15"
"CNN","Traditional","cnn.com-m5","2014-04-18","months","5","155","145000","0","2013-11-14","2013-12-15"
"CNN","Traditional","cnn.com-m6","2014-04-18","months","6","186","145000","145000","2013-10-14","2013-11-14"
"FoxNews.com","Traditional","foxnews.com-m1","2014-04-18","months","1","31","15900","-10400","2014-03-18","2014-04-18"
"FoxNews.com","Traditional","foxnews.com-m2","2014-04-18","months","2","62","26300","-10800","2014-02-15","2014-03-18"
"FoxNews.com","Traditional","foxnews.com-m3","2014-04-18","months","3","93","37100","-8900","2014-01-15","2014-02-15"
"FoxNews.com","Traditional","foxnews.com-m4","2014-04-18","months","4","124","46000","-10400","2013-12-15","2014-01-15"
"FoxNews.com","Traditional","foxnews.com-m5","2014-04-18","months","5","155","56400","0","2013-11-14","2013-12-15"
"FoxNews.com","Traditional","foxnews.com-m6","2014-04-18","months","6","186","56400","56400","2013-10-14","2013-11-14"
"The Huffington Post","Traditional","huffingtonpost.com-m1","2014-04-18","months","1","31","62000","-27500","2014-03-18","2014-04-18"
"The Huffington Post","Traditional","huffingtonpost.com-m2","2014-04-18","months","2","62","89500","-24500","2014-02-15","2014-03-18"
"The Huffington Post","Traditional","huffingtonpost.com-m3","2014-04-18","months","3","93","114000","-87000","2014-01-15","2014-02-15"
"The Huffington Post","Traditional","huffingtonpost.com-m4","2014-04-18","months","4","124","201000","-139000","2013-12-15","2014-01-15"
"The Huffington Post","Traditional","huffingtonpost.com-m5","2014-04-18","months","5","155","340000","1000","2013-11-14","2013-12-15"
"The Huffington Post","Traditional","huffingtonpost.com-m6","2014-04-18","months","6","186","339000","339000","2013-10-14","2013-11-14"
"The Independent","Independent","independent.co.uk-m1","2014-04-18","months","1","31","13800","-5700","2014-03-18","2014-04-18"
"The Independent","Independent","independent.co.uk-m2","2014-04-18","months","2","62","19500","-5300","2014-02-15","2014-03-18"
"The Independent","Independent","independent.co.uk-m3","2014-04-18","months","3","93","24800","-4900","2014-01-15","2014-02-15"
"The Independent","Independent","independent.co.uk-m4","2014-04-18","months","4","124","29700","-5400","2013-12-15","2014-01-15"
"The Independent","Independent","independent.co.uk-m5","2014-04-18","months","5","155","35100","0","2013-11-14","2013-12-15"
"The Independent","Independent","independent.co.uk-m6","2014-04-18","months","6","186","35100","35100","2013-10-14","2013-11-14"
"IOL","Traditional","iol.co.za-m1","2014-04-18","months","1","31","6860","-4140","2014-03-18","2014-04-18"
"IOL","Traditional","iol.co.za-m2","2014-04-18","months","2","62","11000","-3200","2014-02-15","2014-03-18"
"IOL","Traditional","iol.co.za-m3","2014-04-18","months","3","93","14200","-3100","2014-01-15","2014-02-15"
"IOL","Traditional","iol.co.za-m4","2014-04-18","months","4","124","17300","-3600","2013-12-15","2014-01-15"
"IOL","Traditional","iol.co.za-m5","2014-04-18","months","5","155","20900","-100","2013-11-14","2013-12-15"
"IOL","Traditional","iol.co.za-m6","2014-04-18","months","6","186","21000","21000","2013-10-14","2013-11-14"
"Los Angeles Times","Traditional","latimes.com-m1","2014-04-18","months","1","31","16300","-8700","2014-03-18","2014-04-18"
"Los Angeles Times","Traditional","latimes.com-m2","2014-04-18","months","2","62","25000","-9300","2014-02-15","2014-03-18"
"Los Angeles Times","Traditional","latimes.com-m3","2014-04-18","months","3","93","34300","-8200","2014-01-15","2014-02-15"
"Los Angeles Times","Traditional","latimes.com-m4","2014-04-18","months","4","124","42500","-9500","2013-12-15","2014-01-15"
"Los Angeles Times","Traditional","latimes.com-m5","2014-04-18","months","5","155","52000","0","2013-11-14","2013-12-15"
"Los Angeles Times","Traditional","latimes.com-m6","2014-04-18","months","6","186","52000","52000","2013-10-14","2013-11-14"
"News.com.au","Traditional","news.com.au-m1","2014-04-18","months","1","31","12500","-6600","2014-03-18","2014-04-18"
"News.com.au","Traditional","news.com.au-m2","2014-04-18","months","2","62","19100","-6300","2014-02-15","2014-03-18"
"News.com.au","Traditional","news.com.au-m3","2014-04-18","months","3","93","25400","-7200","2014-01-15","2014-02-15"
"News.com.au","Traditional","news.com.au-m4","2014-04-18","months","4","124","32600","-17500","2013-12-15","2014-01-15"
"News.com.au","Traditional","news.com.au-m5","2014-04-18","months","5","155","50100","-100","2013-11-14","2013-12-15"
"News.com.au","Traditional","news.com.au-m6","2014-04-18","months","6","186","50200","50200","2013-10-14","2013-11-14"
"The New York Times","Traditional","nytimes.com-m1","2014-04-18","months","1","31","14200","-6800","2014-03-18","2014-04-18"
"The New York Times","Traditional","nytimes.com-m2","2014-04-18","months","2","62","21000","-7000","2014-02-15","2014-03-18"
"The New York Times","Traditional","nytimes.com-m3","2014-04-18","months","3","93","28000","-6700","2014-01-15","2014-02-15"
"The New York Times","Traditional","nytimes.com-m4","2014-04-18","months","4","124","34700","-6900","2013-12-15","2014-01-15"
"The New York Times","Traditional","nytimes.com-m5","2014-04-18","months","5","155","41600","-100","2013-11-14","2013-12-15"
"The New York Times","Traditional","nytimes.com-m6","2014-04-18","months","6","186","41700","41700","2013-10-14","2013-11-14"
"Reddit","Blogs-Social","reddit.com-m1","2014-04-18","months","1","31","788000","-1042000","2014-03-18","2014-04-18"
"Reddit","Blogs-Social","reddit.com-m2","2014-04-18","months","2","62","1830000","-30000","2014-02-15","2014-03-18"
"Reddit","Blogs-Social","reddit.com-m3","2014-04-18","months","3","93","1860000","0","2014-01-15","2014-02-15"
"Reddit","Blogs-Social","reddit.com-m4","2014-04-18","months","4","124","1860000","0","2013-12-15","2014-01-15"
"Reddit","Blogs-Social","reddit.com-m5","2014-04-18","months","5","155","1860000","0","2013-11-14","2013-12-15"
"Reddit","Blogs-Social","reddit.com-m6","2014-04-18","months","6","186","1860000","1860000","2013-10-14","2013-11-14"
"Spiegel","Traditional","spiegel.de-m1","2014-04-18","months","1","31","4780","-3690","2014-03-18","2014-04-18"
"Spiegel","Traditional","spiegel.de-m2","2014-04-18","months","2","62","8470","-3730","2014-02-15","2014-03-18"
"Spiegel","Traditional","spiegel.de-m3","2014-04-18","months","3","93","12200","-3200","2014-01-15","2014-02-15"
"Spiegel","Traditional","spiegel.de-m4","2014-04-18","months","4","124","15400","-3500","2013-12-15","2014-01-15"
"Spiegel","Traditional","spiegel.de-m5","2014-04-18","months","5","155","18900","0","2013-11-14","2013-12-15"
"Spiegel","Traditional","spiegel.de-m6","2014-04-18","months","6","186","18900","18900","2013-10-14","2013-11-14"
"The Daily Beast","Independent","thedailybeast.com-m1","2014-04-18","months","1","31","1850","-1030","2014-03-18","2014-04-18"
"The Daily Beast","Independent","thedailybeast.com-m2","2014-04-18","months","2","62","2880","-1060","2014-02-15","2014-03-18"
"The Daily Beast","Independent","thedailybeast.com-m3","2014-04-18","months","3","93","3940","-880","2014-01-15","2014-02-15"
"The Daily Beast","Independent","thedailybeast.com-m4","2014-04-18","months","4","124","4820","-1010","2013-12-15","2014-01-15"
"The Daily Beast","Independent","thedailybeast.com-m5","2014-04-18","months","5","155","5830","20","2013-11-14","2013-12-15"
"The Daily Beast","Independent","thedailybeast.com-m6","2014-04-18","months","6","186","5810","5810","2013-10-14","2013-11-14"
"The Guardian","Traditional","theguardian.com-m1","2014-04-18","months","1","31","32300","-13900","2014-03-18","2014-04-18"
"The Guardian","Traditional","theguardian.com-m2","2014-04-18","months","2","62","46200","-12800","2014-02-15","2014-03-18"
"The Guardian","Traditional","theguardian.com-m3","2014-04-18","months","3","93","59000","-11800","2014-01-15","2014-02-15"
"The Guardian","Traditional","theguardian.com-m4","2014-04-18","months","4","124","70800","-12400","2013-12-15","2014-01-15"
"The Guardian","Traditional","theguardian.com-m5","2014-04-18","months","5","155","83200","-400","2013-11-14","2013-12-15"
"The Guardian","Traditional","theguardian.com-m6","2014-04-18","months","6","186","83600","83600","2013-10-14","2013-11-14"
"theRealNews.com","Independent","therealnews.com-m1","2014-04-18","months","1","31","336","-194","2014-03-18","2014-04-18"
"theRealNews.com","Independent","therealnews.com-m2","2014-04-18","months","2","62","530","-211","2014-02-15","2014-03-18"
"theRealNews.com","Independent","therealnews.com-m3","2014-04-18","months","3","93","741","-192","2014-01-15","2014-02-15"
"theRealNews.com","Independent","therealnews.com-m4","2014-04-18","months","4","124","933","-187","2013-12-15","2014-01-15"
"theRealNews.com","Independent","therealnews.com-m5","2014-04-18","months","5","155","1120","-20","2013-11-14","2013-12-15"
"theRealNews.com","Independent","therealnews.com-m6","2014-04-18","months","6","186","1140","1140","2013-10-14","2013-11-14"
"The Washington Post","Traditional","washingtonpost.com-m1","2014-04-18","months","1","31","22300","-8600","2014-03-18","2014-04-18"
"The Washington Post","Traditional","washingtonpost.com-m2","2014-04-18","months","2","62","30900","-8000","2014-02-15","2014-03-18"
"The Washington Post","Traditional","washingtonpost.com-m3","2014-04-18","months","3","93","38900","-6600","2014-01-15","2014-02-15"
"The Washington Post","Traditional","washingtonpost.com-m4","2014-04-18","months","4","124","45500","-8300","2013-12-15","2014-01-15"
"The Washington Post","Traditional","washingtonpost.com-m5","2014-04-18","months","5","155","53800","-100","2013-11-14","2013-12-15"
"The Washington Post","Traditional","washingtonpost.com-m6","2014-04-18","months","6","186","53900","53900","2013-10-14","2013-11-14"
"WorldNews Network","Independent","wn.com-m1","2014-04-18","months","1","31","1670000","-80000","2014-03-18","2014-04-18"
"WorldNews Network","Independent","wn.com-m2","2014-04-18","months","2","62","1750000","-40000","2014-02-15","2014-03-18"
"WorldNews Network","Independent","wn.com-m3","2014-04-18","months","3","93","1790000","-20000","2014-01-15","2014-02-15"
"WorldNews Network","Independent","wn.com-m4","2014-04-18","months","4","124","1810000","-30000","2013-12-15","2014-01-15"
"WorldNews Network","Independent","wn.com-m5","2014-04-18","months","5","155","1840000","-10000","2013-11-14","2013-12-15"
"WorldNews Network","Independent","wn.com-m6","2014-04-18","months","6","186","1850000","1850000","2013-10-14","2013-11-14"
"Wordpress","Blogs-Social","wordpress.com-m1","2014-04-18","months","1","31","12200000","-1500000","2014-03-18","2014-04-18"
"Wordpress","Blogs-Social","wordpress.com-m2","2014-04-18","months","2","62","13700000","-5700000","2014-02-15","2014-03-18"
"Wordpress","Blogs-Social","wordpress.com-m3","2014-04-18","months","3","93","19400000","-6500000","2014-01-15","2014-02-15"
"Wordpress","Blogs-Social","wordpress.com-m4","2014-04-18","months","4","124","25900000","-5700000","2013-12-15","2014-01-15"
"Wordpress","Blogs-Social","wordpress.com-m5","2014-04-18","months","5","155","31600000","100000","2013-11-14","2013-12-15"
"Wordpress","Blogs-Social","wordpress.com-m6","2014-04-18","months","6","186","31500000","31500000","2013-10-14","2013-11-14"
"Xinhuanet","Traditional","xinhuanet.com-m1","2014-04-18","months","1","31","365000","-1000","2014-03-18","2014-04-18"
"Xinhuanet","Traditional","xinhuanet.com-m2","2014-04-18","months","2","62","366000","0","2014-02-15","2014-03-18"
"Xinhuanet","Traditional","xinhuanet.com-m3","2014-04-18","months","3","93","366000","-1000","2014-01-15","2014-02-15"
"Xinhuanet","Traditional","xinhuanet.com-m4","2014-04-18","months","4","124","367000","-9000","2013-12-15","2014-01-15"
"Xinhuanet","Traditional","xinhuanet.com-m5","2014-04-18","months","5","155","376000","-8000","2013-11-14","2013-12-15"
"Xinhuanet","Traditional","xinhuanet.com-m6","2014-04-18","months","6","186","384000","384000","2013-10-14","2013-11-14"
