site_name,site_type,query_distinct,query_run_date,query_period,periods_back,days_back,raw_result_count,compared_result_count,date_query_start,date_query_end
"Google","All","m5","2014-04-21","months","5","155","20800","-2900","2013-11-16","2013-12-17"
"Google","All","m6","2014-04-21","months","6","186","23700","-2900","2013-10-17","2013-11-16"
"Google","All","m7","2014-04-21","months","7","217","26600","-3100","2013-09-16","2013-10-17"
"Google","All","m8","2014-04-21","months","8","248","29700","0","2013-08-16","2013-09-16"
"Google","All","m9","2014-04-21","months","9","279","29700","-4000","2013-07-16","2013-08-16"
"Google","All","m10","2014-04-21","months","10","310","33700","-4000","2013-06-15","2013-07-16"
"Google","All","m11","2014-04-21","months","11","341","37700","37700","2013-05-15","2013-06-15"
"Aljazeera","Traditional","aljazeera.com-m5","2014-04-21","months","5","155","40","-17","2013-11-16","2013-12-17"
"Aljazeera","Traditional","aljazeera.com-m6","2014-04-21","months","6","186","57","-32","2013-10-17","2013-11-16"
"Aljazeera","Traditional","aljazeera.com-m7","2014-04-21","months","7","217","89","-23","2013-09-16","2013-10-17"
"Aljazeera","Traditional","aljazeera.com-m8","2014-04-21","months","8","248","112","2","2013-08-16","2013-09-16"
"Aljazeera","Traditional","aljazeera.com-m9","2014-04-21","months","9","279","110","-12","2013-07-16","2013-08-16"
"Aljazeera","Traditional","aljazeera.com-m10","2014-04-21","months","10","310","122","-20","2013-06-15","2013-07-16"
"Aljazeera","Traditional","aljazeera.com-m11","2014-04-21","months","11","341","142","142","2013-05-15","2013-06-15"
"AlterNet","Independent","alternet.org-m5","2014-04-21","months","5","155","1","0","2013-11-16","2013-12-17"
"AlterNet","Independent","alternet.org-m6","2014-04-21","months","6","186","1","0","2013-10-17","2013-11-16"
"AlterNet","Independent","alternet.org-m7","2014-04-21","months","7","217","1","0","2013-09-16","2013-10-17"
"AlterNet","Independent","alternet.org-m8","2014-04-21","months","8","248","1","0","2013-08-16","2013-09-16"
"AlterNet","Independent","alternet.org-m9","2014-04-21","months","9","279","1","0","2013-07-16","2013-08-16"
"AlterNet","Independent","alternet.org-m10","2014-04-21","months","10","310","1","-3","2013-06-15","2013-07-16"
"AlterNet","Independent","alternet.org-m11","2014-04-21","months","11","341","4","4","2013-05-15","2013-06-15"
"BBC","Traditional","bbc.co.uk-m5","2014-04-21","months","5","155","43","-5","2013-11-16","2013-12-17"
"BBC","Traditional","bbc.co.uk-m6","2014-04-21","months","6","186","48","-2","2013-10-17","2013-11-16"
"BBC","Traditional","bbc.co.uk-m7","2014-04-21","months","7","217","50","-4","2013-09-16","2013-10-17"
"BBC","Traditional","bbc.co.uk-m8","2014-04-21","months","8","248","54","-6","2013-08-16","2013-09-16"
"BBC","Traditional","bbc.co.uk-m9","2014-04-21","months","9","279","60","-30","2013-07-16","2013-08-16"
"BBC","Traditional","bbc.co.uk-m10","2014-04-21","months","10","310","90","-30","2013-06-15","2013-07-16"
"BBC","Traditional","bbc.co.uk-m11","2014-04-21","months","11","341","120","120","2013-05-15","2013-06-15"
"Blogspot","Blogs-Social","blogspot.com-m5","2014-04-21","months","5","155","1720","-240","2013-11-16","2013-12-17"
"Blogspot","Blogs-Social","blogspot.com-m6","2014-04-21","months","6","186","1960","-330","2013-10-17","2013-11-16"
"Blogspot","Blogs-Social","blogspot.com-m7","2014-04-21","months","7","217","2290","-350","2013-09-16","2013-10-17"
"Blogspot","Blogs-Social","blogspot.com-m8","2014-04-21","months","8","248","2640","-20","2013-08-16","2013-09-16"
"Blogspot","Blogs-Social","blogspot.com-m9","2014-04-21","months","9","279","2660","-620","2013-07-16","2013-08-16"
"Blogspot","Blogs-Social","blogspot.com-m10","2014-04-21","months","10","310","3280","-260","2013-06-15","2013-07-16"
"Blogspot","Blogs-Social","blogspot.com-m11","2014-04-21","months","11","341","3540","3540","2013-05-15","2013-06-15"
"CBC","Traditional","cbc.ca-m7","2014-04-21","months","7","217","1","-1","2013-09-16","2013-10-17"
"CBC","Traditional","cbc.ca-m8","2014-04-21","months","8","248","2","0","2013-08-16","2013-09-16"
"CBC","Traditional","cbc.ca-m9","2014-04-21","months","9","279","2","0","2013-07-16","2013-08-16"
"CBC","Traditional","cbc.ca-m10","2014-04-21","months","10","310","2","-1","2013-06-15","2013-07-16"
"CBC","Traditional","cbc.ca-m11","2014-04-21","months","11","341","3","3","2013-05-15","2013-06-15"
"CNN","Traditional","cnn.com-m5","2014-04-21","months","5","155","8","0","2013-11-16","2013-12-17"
"CNN","Traditional","cnn.com-m6","2014-04-21","months","6","186","8","-9","2013-10-17","2013-11-16"
"CNN","Traditional","cnn.com-m7","2014-04-21","months","7","217","17","-3","2013-09-16","2013-10-17"
"CNN","Traditional","cnn.com-m8","2014-04-21","months","8","248","20","-1","2013-08-16","2013-09-16"
"CNN","Traditional","cnn.com-m9","2014-04-21","months","9","279","21","-3","2013-07-16","2013-08-16"
"CNN","Traditional","cnn.com-m10","2014-04-21","months","10","310","24","-10","2013-06-15","2013-07-16"
"CNN","Traditional","cnn.com-m11","2014-04-21","months","11","341","34","34","2013-05-15","2013-06-15"
"FoxNews.com","Traditional","foxnews.com-m5","2014-04-21","months","5","155","5","-2","2013-11-16","2013-12-17"
"FoxNews.com","Traditional","foxnews.com-m6","2014-04-21","months","6","186","7","1","2013-10-17","2013-11-16"
"FoxNews.com","Traditional","foxnews.com-m7","2014-04-21","months","7","217","6","-1","2013-09-16","2013-10-17"
"FoxNews.com","Traditional","foxnews.com-m8","2014-04-21","months","8","248","7","-2","2013-08-16","2013-09-16"
"FoxNews.com","Traditional","foxnews.com-m9","2014-04-21","months","9","279","9","-4","2013-07-16","2013-08-16"
"FoxNews.com","Traditional","foxnews.com-m10","2014-04-21","months","10","310","13","-3","2013-06-15","2013-07-16"
"FoxNews.com","Traditional","foxnews.com-m11","2014-04-21","months","11","341","16","16","2013-05-15","2013-06-15"
"The Huffington Post","Traditional","huffingtonpost.com-m5","2014-04-21","months","5","155","48","-9","2013-11-16","2013-12-17"
"The Huffington Post","Traditional","huffingtonpost.com-m6","2014-04-21","months","6","186","57","-18","2013-10-17","2013-11-16"
"The Huffington Post","Traditional","huffingtonpost.com-m7","2014-04-21","months","7","217","75","-22","2013-09-16","2013-10-17"
"The Huffington Post","Traditional","huffingtonpost.com-m8","2014-04-21","months","8","248","97","-4","2013-08-16","2013-09-16"
"The Huffington Post","Traditional","huffingtonpost.com-m9","2014-04-21","months","9","279","101","-25","2013-07-16","2013-08-16"
"The Huffington Post","Traditional","huffingtonpost.com-m10","2014-04-21","months","10","310","126","-29","2013-06-15","2013-07-16"
"The Huffington Post","Traditional","huffingtonpost.com-m11","2014-04-21","months","11","341","155","155","2013-05-15","2013-06-15"
"The Independent","Independent","independent.co.uk-m5","2014-04-21","months","5","155","21","-6","2013-11-16","2013-12-17"
"The Independent","Independent","independent.co.uk-m6","2014-04-21","months","6","186","27","-4","2013-10-17","2013-11-16"
"The Independent","Independent","independent.co.uk-m7","2014-04-21","months","7","217","31","-9","2013-09-16","2013-10-17"
"The Independent","Independent","independent.co.uk-m8","2014-04-21","months","8","248","40","-4","2013-08-16","2013-09-16"
"The Independent","Independent","independent.co.uk-m9","2014-04-21","months","9","279","44","-13","2013-07-16","2013-08-16"
"The Independent","Independent","independent.co.uk-m10","2014-04-21","months","10","310","57","-17","2013-06-15","2013-07-16"
"The Independent","Independent","independent.co.uk-m11","2014-04-21","months","11","341","74","74","2013-05-15","2013-06-15"
"IOL","Traditional","iol.co.za-m5","2014-04-21","months","5","155","2","0","2013-11-16","2013-12-17"
"IOL","Traditional","iol.co.za-m6","2014-04-21","months","6","186","2","-1","2013-10-17","2013-11-16"
"IOL","Traditional","iol.co.za-m7","2014-04-21","months","7","217","3","0","2013-09-16","2013-10-17"
"IOL","Traditional","iol.co.za-m8","2014-04-21","months","8","248","3","0","2013-08-16","2013-09-16"
"IOL","Traditional","iol.co.za-m9","2014-04-21","months","9","279","3","0","2013-07-16","2013-08-16"
"IOL","Traditional","iol.co.za-m10","2014-04-21","months","10","310","3","0","2013-06-15","2013-07-16"
"IOL","Traditional","iol.co.za-m11","2014-04-21","months","11","341","3","3","2013-05-15","2013-06-15"
"Los Angeles Times","Traditional","latimes.com-m5","2014-04-21","months","5","155","7","0","2013-11-16","2013-12-17"
"Los Angeles Times","Traditional","latimes.com-m6","2014-04-21","months","6","186","7","0","2013-10-17","2013-11-16"
"Los Angeles Times","Traditional","latimes.com-m7","2014-04-21","months","7","217","7","-1","2013-09-16","2013-10-17"
"Los Angeles Times","Traditional","latimes.com-m8","2014-04-21","months","8","248","8","0","2013-08-16","2013-09-16"
"Los Angeles Times","Traditional","latimes.com-m9","2014-04-21","months","9","279","8","0","2013-07-16","2013-08-16"
"Los Angeles Times","Traditional","latimes.com-m10","2014-04-21","months","10","310","8","0","2013-06-15","2013-07-16"
"Los Angeles Times","Traditional","latimes.com-m11","2014-04-21","months","11","341","8","8","2013-05-15","2013-06-15"
"News.com.au","Traditional","news.com.au-m5","2014-04-21","months","5","155","2","0","2013-11-16","2013-12-17"
"News.com.au","Traditional","news.com.au-m6","2014-04-21","months","6","186","2","0","2013-10-17","2013-11-16"
"News.com.au","Traditional","news.com.au-m7","2014-04-21","months","7","217","2","0","2013-09-16","2013-10-17"
"News.com.au","Traditional","news.com.au-m8","2014-04-21","months","8","248","2","0","2013-08-16","2013-09-16"
"News.com.au","Traditional","news.com.au-m9","2014-04-21","months","9","279","2","0","2013-07-16","2013-08-16"
"News.com.au","Traditional","news.com.au-m10","2014-04-21","months","10","310","2","0","2013-06-15","2013-07-16"
"News.com.au","Traditional","news.com.au-m11","2014-04-21","months","11","341","2","2","2013-05-15","2013-06-15"
"The New York Times","Traditional","nytimes.com-m5","2014-04-21","months","5","155","179","-21","2013-11-16","2013-12-17"
"The New York Times","Traditional","nytimes.com-m6","2014-04-21","months","6","186","200","-9","2013-10-17","2013-11-16"
"The New York Times","Traditional","nytimes.com-m7","2014-04-21","months","7","217","209","-9","2013-09-16","2013-10-17"
"The New York Times","Traditional","nytimes.com-m8","2014-04-21","months","8","248","218","-2","2013-08-16","2013-09-16"
"The New York Times","Traditional","nytimes.com-m9","2014-04-21","months","9","279","220","-15","2013-07-16","2013-08-16"
"The New York Times","Traditional","nytimes.com-m10","2014-04-21","months","10","310","235","13","2013-06-15","2013-07-16"
"The New York Times","Traditional","nytimes.com-m11","2014-04-21","months","11","341","222","222","2013-05-15","2013-06-15"
"Reddit","Blogs-Social","reddit.com-m5","2014-04-21","months","5","155","61","-16","2013-11-16","2013-12-17"
"Reddit","Blogs-Social","reddit.com-m6","2014-04-21","months","6","186","77","-5","2013-10-17","2013-11-16"
"Reddit","Blogs-Social","reddit.com-m7","2014-04-21","months","7","217","82","-7","2013-09-16","2013-10-17"
"Reddit","Blogs-Social","reddit.com-m8","2014-04-21","months","8","248","89","-2","2013-08-16","2013-09-16"
"Reddit","Blogs-Social","reddit.com-m9","2014-04-21","months","9","279","91","-7","2013-07-16","2013-08-16"
"Reddit","Blogs-Social","reddit.com-m10","2014-04-21","months","10","310","98","-10","2013-06-15","2013-07-16"
"Reddit","Blogs-Social","reddit.com-m11","2014-04-21","months","11","341","108","108","2013-05-15","2013-06-15"
"Spiegel","Traditional","spiegel.de-m5","2014-04-21","months","5","155","4","0","2013-11-16","2013-12-17"
"Spiegel","Traditional","spiegel.de-m6","2014-04-21","months","6","186","4","0","2013-10-17","2013-11-16"
"Spiegel","Traditional","spiegel.de-m7","2014-04-21","months","7","217","4","-1","2013-09-16","2013-10-17"
"Spiegel","Traditional","spiegel.de-m8","2014-04-21","months","8","248","5","-1","2013-08-16","2013-09-16"
"Spiegel","Traditional","spiegel.de-m9","2014-04-21","months","9","279","6","-18","2013-07-16","2013-08-16"
"Spiegel","Traditional","spiegel.de-m10","2014-04-21","months","10","310","24","-8","2013-06-15","2013-07-16"
"Spiegel","Traditional","spiegel.de-m11","2014-04-21","months","11","341","32","32","2013-05-15","2013-06-15"
"The Daily Beast","Independent","thedailybeast.com-m5","2014-04-21","months","5","155","167","-26","2013-11-16","2013-12-17"
"The Daily Beast","Independent","thedailybeast.com-m6","2014-04-21","months","6","186","193","-20","2013-10-17","2013-11-16"
"The Daily Beast","Independent","thedailybeast.com-m7","2014-04-21","months","7","217","213","-19","2013-09-16","2013-10-17"
"The Daily Beast","Independent","thedailybeast.com-m8","2014-04-21","months","8","248","232","-11","2013-08-16","2013-09-16"
"The Daily Beast","Independent","thedailybeast.com-m9","2014-04-21","months","9","279","243","-21","2013-07-16","2013-08-16"
"The Daily Beast","Independent","thedailybeast.com-m10","2014-04-21","months","10","310","264","-23","2013-06-15","2013-07-16"
"The Daily Beast","Independent","thedailybeast.com-m11","2014-04-21","months","11","341","287","287","2013-05-15","2013-06-15"
"The Guardian","Traditional","theguardian.com-m5","2014-04-21","months","5","155","38","-2","2013-11-16","2013-12-17"
"The Guardian","Traditional","theguardian.com-m6","2014-04-21","months","6","186","40","-4","2013-10-17","2013-11-16"
"The Guardian","Traditional","theguardian.com-m7","2014-04-21","months","7","217","44","-9","2013-09-16","2013-10-17"
"The Guardian","Traditional","theguardian.com-m8","2014-04-21","months","8","248","53","-5","2013-08-16","2013-09-16"
"The Guardian","Traditional","theguardian.com-m9","2014-04-21","months","9","279","58","-7","2013-07-16","2013-08-16"
"The Guardian","Traditional","theguardian.com-m10","2014-04-21","months","10","310","65","-23","2013-06-15","2013-07-16"
"The Guardian","Traditional","theguardian.com-m11","2014-04-21","months","11","341","88","88","2013-05-15","2013-06-15"
"theRealNews.com","Independent","therealnews.com-m5","2014-04-21","months","5","155","4","-1","2013-11-16","2013-12-17"
"theRealNews.com","Independent","therealnews.com-m6","2014-04-21","months","6","186","5","0","2013-10-17","2013-11-16"
"theRealNews.com","Independent","therealnews.com-m7","2014-04-21","months","7","217","5","0","2013-09-16","2013-10-17"
"theRealNews.com","Independent","therealnews.com-m8","2014-04-21","months","8","248","5","0","2013-08-16","2013-09-16"
"theRealNews.com","Independent","therealnews.com-m9","2014-04-21","months","9","279","5","-1","2013-07-16","2013-08-16"
"theRealNews.com","Independent","therealnews.com-m10","2014-04-21","months","10","310","6","0","2013-06-15","2013-07-16"
"theRealNews.com","Independent","therealnews.com-m11","2014-04-21","months","11","341","6","6","2013-05-15","2013-06-15"
"The Washington Post","Traditional","washingtonpost.com-m5","2014-04-21","months","5","155","5","-1","2013-11-16","2013-12-17"
"The Washington Post","Traditional","washingtonpost.com-m6","2014-04-21","months","6","186","6","-1","2013-10-17","2013-11-16"
"The Washington Post","Traditional","washingtonpost.com-m7","2014-04-21","months","7","217","7","-2","2013-09-16","2013-10-17"
"The Washington Post","Traditional","washingtonpost.com-m8","2014-04-21","months","8","248","9","0","2013-08-16","2013-09-16"
"The Washington Post","Traditional","washingtonpost.com-m9","2014-04-21","months","9","279","9","-3","2013-07-16","2013-08-16"
"The Washington Post","Traditional","washingtonpost.com-m10","2014-04-21","months","10","310","12","-1","2013-06-15","2013-07-16"
"The Washington Post","Traditional","washingtonpost.com-m11","2014-04-21","months","11","341","13","13","2013-05-15","2013-06-15"
"WorldNews Network","Independent","wn.com-m5","2014-04-21","months","5","155","1560","-50","2013-11-16","2013-12-17"
"WorldNews Network","Independent","wn.com-m6","2014-04-21","months","6","186","1610","-30","2013-10-17","2013-11-16"
"WorldNews Network","Independent","wn.com-m7","2014-04-21","months","7","217","1640","-10","2013-09-16","2013-10-17"
"WorldNews Network","Independent","wn.com-m8","2014-04-21","months","8","248","1650","0","2013-08-16","2013-09-16"
"WorldNews Network","Independent","wn.com-m9","2014-04-21","months","9","279","1650","-20","2013-07-16","2013-08-16"
"WorldNews Network","Independent","wn.com-m10","2014-04-21","months","10","310","1670","-20","2013-06-15","2013-07-16"
"WorldNews Network","Independent","wn.com-m11","2014-04-21","months","11","341","1690","1690","2013-05-15","2013-06-15"
"Wordpress","Blogs-Social","wordpress.com-m5","2014-04-21","months","5","155","1260","-160","2013-11-16","2013-12-17"
"Wordpress","Blogs-Social","wordpress.com-m6","2014-04-21","months","6","186","1420","-180","2013-10-17","2013-11-16"
"Wordpress","Blogs-Social","wordpress.com-m7","2014-04-21","months","7","217","1600","-150","2013-09-16","2013-10-17"
"Wordpress","Blogs-Social","wordpress.com-m8","2014-04-21","months","8","248","1750","0","2013-08-16","2013-09-16"
"Wordpress","Blogs-Social","wordpress.com-m9","2014-04-21","months","9","279","1750","-200","2013-07-16","2013-08-16"
"Wordpress","Blogs-Social","wordpress.com-m10","2014-04-21","months","10","310","1950","-140","2013-06-15","2013-07-16"
"Wordpress","Blogs-Social","wordpress.com-m11","2014-04-21","months","11","341","2090","2090","2013-05-15","2013-06-15"
"Xinhuanet","Traditional","xinhuanet.com-m5","2014-04-21","months","5","155","2","0","2013-11-16","2013-12-17"
"Xinhuanet","Traditional","xinhuanet.com-m6","2014-04-21","months","6","186","2","0","2013-10-17","2013-11-16"
"Xinhuanet","Traditional","xinhuanet.com-m7","2014-04-21","months","7","217","2","0","2013-09-16","2013-10-17"
"Xinhuanet","Traditional","xinhuanet.com-m8","2014-04-21","months","8","248","2","0","2013-08-16","2013-09-16"
"Xinhuanet","Traditional","xinhuanet.com-m9","2014-04-21","months","9","279","2","0","2013-07-16","2013-08-16"
"Xinhuanet","Traditional","xinhuanet.com-m10","2014-04-21","months","10","310","2","0","2013-06-15","2013-07-16"
"Xinhuanet","Traditional","xinhuanet.com-m11","2014-04-21","months","11","341","2","2","2013-05-15","2013-06-15"
