site_name,site_type,query_distinct,query_run_date,query_period,periods_back,days_back,raw_result_count,compared_result_count,date_query_start,date_query_end
"Google","All","m5","2014-04-20","months","5","155","579000000","3000000","2013-11-16","2013-12-17"
"Google","All","m6","2014-04-20","months","6","186","576000000","-8000000","2013-10-16","2013-11-16"
"Google","All","m7","2014-04-20","months","7","217","584000000","-10000000","2013-09-15","2013-10-16"
"Google","All","m8","2014-04-20","months","8","248","594000000","2000000","2013-08-15","2013-09-15"
"Google","All","m9","2014-04-20","months","9","279","592000000","-5000000","2013-07-15","2013-08-15"
"Google","All","m10","2014-04-20","months","10","310","597000000","-1000000","2013-06-14","2013-07-15"
"Google","All","m11","2014-04-20","months","11","341","598000000","598000000","2013-05-14","2013-06-14"
"Aljazeera","Traditional","aljazeera.com-m5","2014-04-20","months","5","155","14400","-2500","2013-11-16","2013-12-17"
"Aljazeera","Traditional","aljazeera.com-m6","2014-04-20","months","6","186","16900","-2400","2013-10-16","2013-11-16"
"Aljazeera","Traditional","aljazeera.com-m7","2014-04-20","months","7","217","19300","-2200","2013-09-15","2013-10-16"
"Aljazeera","Traditional","aljazeera.com-m8","2014-04-20","months","8","248","21500","0","2013-08-15","2013-09-15"
"Aljazeera","Traditional","aljazeera.com-m9","2014-04-20","months","9","279","21500","-1400","2013-07-15","2013-08-15"
"Aljazeera","Traditional","aljazeera.com-m10","2014-04-20","months","10","310","22900","-1500","2013-06-14","2013-07-15"
"Aljazeera","Traditional","aljazeera.com-m11","2014-04-20","months","11","341","24400","24400","2013-05-14","2013-06-14"
"AlterNet","Independent","alternet.org-m5","2014-04-20","months","5","155","9400","-700","2013-11-16","2013-12-17"
"AlterNet","Independent","alternet.org-m6","2014-04-20","months","6","186","10100","-700","2013-10-16","2013-11-16"
"AlterNet","Independent","alternet.org-m7","2014-04-20","months","7","217","10800","-700","2013-09-15","2013-10-16"
"AlterNet","Independent","alternet.org-m8","2014-04-20","months","8","248","11500","0","2013-08-15","2013-09-15"
"AlterNet","Independent","alternet.org-m9","2014-04-20","months","9","279","11500","-800","2013-07-15","2013-08-15"
"AlterNet","Independent","alternet.org-m10","2014-04-20","months","10","310","12300","-700","2013-06-14","2013-07-15"
"AlterNet","Independent","alternet.org-m11","2014-04-20","months","11","341","13000","13000","2013-05-14","2013-06-14"
"BBC","Traditional","bbc.co.uk-m5","2014-04-20","months","5","155","411000","-186000","2013-11-16","2013-12-17"
"BBC","Traditional","bbc.co.uk-m6","2014-04-20","months","6","186","597000","-88000","2013-10-16","2013-11-16"
"BBC","Traditional","bbc.co.uk-m7","2014-04-20","months","7","217","685000","-57000","2013-09-15","2013-10-16"
"BBC","Traditional","bbc.co.uk-m8","2014-04-20","months","8","248","742000","-1000","2013-08-15","2013-09-15"
"BBC","Traditional","bbc.co.uk-m9","2014-04-20","months","9","279","743000","-52000","2013-07-15","2013-08-15"
"BBC","Traditional","bbc.co.uk-m10","2014-04-20","months","10","310","795000","-40000","2013-06-14","2013-07-15"
"BBC","Traditional","bbc.co.uk-m11","2014-04-20","months","11","341","835000","835000","2013-05-14","2013-06-14"
"Blogspot","Blogs-Social","blogspot.com-m5","2014-04-20","months","5","155","4990000","-330000","2013-11-16","2013-12-17"
"Blogspot","Blogs-Social","blogspot.com-m6","2014-04-20","months","6","186","5320000","-230000","2013-10-16","2013-11-16"
"Blogspot","Blogs-Social","blogspot.com-m7","2014-04-20","months","7","217","5550000","-200000","2013-09-15","2013-10-16"
"Blogspot","Blogs-Social","blogspot.com-m8","2014-04-20","months","8","248","5750000","10000","2013-08-15","2013-09-15"
"Blogspot","Blogs-Social","blogspot.com-m9","2014-04-20","months","9","279","5740000","-170000","2013-07-15","2013-08-15"
"Blogspot","Blogs-Social","blogspot.com-m10","2014-04-20","months","10","310","5910000","-120000","2013-06-14","2013-07-15"
"Blogspot","Blogs-Social","blogspot.com-m11","2014-04-20","months","11","341","6030000","6030000","2013-05-14","2013-06-14"
"CBC","Traditional","cbc.ca-m5","2014-04-20","months","5","155","92700","-18300","2013-11-16","2013-12-17"
"CBC","Traditional","cbc.ca-m6","2014-04-20","months","6","186","111000","-48000","2013-10-16","2013-11-16"
"CBC","Traditional","cbc.ca-m7","2014-04-20","months","7","217","159000","-127000","2013-09-15","2013-10-16"
"CBC","Traditional","cbc.ca-m8","2014-04-20","months","8","248","286000","0","2013-08-15","2013-09-15"
"CBC","Traditional","cbc.ca-m9","2014-04-20","months","9","279","286000","-59000","2013-07-15","2013-08-15"
"CBC","Traditional","cbc.ca-m10","2014-04-20","months","10","310","345000","-11000","2013-06-14","2013-07-15"
"CBC","Traditional","cbc.ca-m11","2014-04-20","months","11","341","356000","356000","2013-05-14","2013-06-14"
"CNN","Traditional","cnn.com-m5","2014-04-20","months","5","155","118000","-103000","2013-11-16","2013-12-17"
"CNN","Traditional","cnn.com-m6","2014-04-20","months","6","186","221000","-327000","2013-10-16","2013-11-16"
"CNN","Traditional","cnn.com-m7","2014-04-20","months","7","217","548000","-126000","2013-09-15","2013-10-16"
"CNN","Traditional","cnn.com-m8","2014-04-20","months","8","248","674000","0","2013-08-15","2013-09-15"
"CNN","Traditional","cnn.com-m9","2014-04-20","months","9","279","674000","-62000","2013-07-15","2013-08-15"
"CNN","Traditional","cnn.com-m10","2014-04-20","months","10","310","736000","-81000","2013-06-14","2013-07-15"
"CNN","Traditional","cnn.com-m11","2014-04-20","months","11","341","817000","817000","2013-05-14","2013-06-14"
"FoxNews.com","Traditional","foxnews.com-m5","2014-04-20","months","5","155","45900","-10400","2013-11-16","2013-12-17"
"FoxNews.com","Traditional","foxnews.com-m6","2014-04-20","months","6","186","56300","-9800","2013-10-16","2013-11-16"
"FoxNews.com","Traditional","foxnews.com-m7","2014-04-20","months","7","217","66100","-9800","2013-09-15","2013-10-16"
"FoxNews.com","Traditional","foxnews.com-m8","2014-04-20","months","8","248","75900","0","2013-08-15","2013-09-15"
"FoxNews.com","Traditional","foxnews.com-m9","2014-04-20","months","9","279","75900","-8700","2013-07-15","2013-08-15"
"FoxNews.com","Traditional","foxnews.com-m10","2014-04-20","months","10","310","84600","-7600","2013-06-14","2013-07-15"
"FoxNews.com","Traditional","foxnews.com-m11","2014-04-20","months","11","341","92200","92200","2013-05-14","2013-06-14"
"The Huffington Post","Traditional","huffingtonpost.com-m5","2014-04-20","months","5","155","228000","-129000","2013-11-16","2013-12-17"
"The Huffington Post","Traditional","huffingtonpost.com-m6","2014-04-20","months","6","186","357000","-81000","2013-10-16","2013-11-16"
"The Huffington Post","Traditional","huffingtonpost.com-m7","2014-04-20","months","7","217","438000","-15000","2013-09-15","2013-10-16"
"The Huffington Post","Traditional","huffingtonpost.com-m8","2014-04-20","months","8","248","453000","0","2013-08-15","2013-09-15"
"The Huffington Post","Traditional","huffingtonpost.com-m9","2014-04-20","months","9","279","453000","-100000","2013-07-15","2013-08-15"
"The Huffington Post","Traditional","huffingtonpost.com-m10","2014-04-20","months","10","310","553000","-202000","2013-06-14","2013-07-15"
"The Huffington Post","Traditional","huffingtonpost.com-m11","2014-04-20","months","11","341","755000","755000","2013-05-14","2013-06-14"
"The Independent","Independent","independent.co.uk-m5","2014-04-20","months","5","155","30800","-5300","2013-11-16","2013-12-17"
"The Independent","Independent","independent.co.uk-m6","2014-04-20","months","6","186","36100","-5300","2013-10-16","2013-11-16"
"The Independent","Independent","independent.co.uk-m7","2014-04-20","months","7","217","41400","-5400","2013-09-15","2013-10-16"
"The Independent","Independent","independent.co.uk-m8","2014-04-20","months","8","248","46800","0","2013-08-15","2013-09-15"
"The Independent","Independent","independent.co.uk-m9","2014-04-20","months","9","279","46800","-5100","2013-07-15","2013-08-15"
"The Independent","Independent","independent.co.uk-m10","2014-04-20","months","10","310","51900","-5000","2013-06-14","2013-07-15"
"The Independent","Independent","independent.co.uk-m11","2014-04-20","months","11","341","56900","56900","2013-05-14","2013-06-14"
"IOL","Traditional","iol.co.za-m5","2014-04-20","months","5","155","17100","-3600","2013-11-16","2013-12-17"
"IOL","Traditional","iol.co.za-m6","2014-04-20","months","6","186","20700","-3000","2013-10-16","2013-11-16"
"IOL","Traditional","iol.co.za-m7","2014-04-20","months","7","217","23700","-3300","2013-09-15","2013-10-16"
"IOL","Traditional","iol.co.za-m8","2014-04-20","months","8","248","27000","0","2013-08-15","2013-09-15"
"IOL","Traditional","iol.co.za-m9","2014-04-20","months","9","279","27000","-3000","2013-07-15","2013-08-15"
"IOL","Traditional","iol.co.za-m10","2014-04-20","months","10","310","30000","-3100","2013-06-14","2013-07-15"
"IOL","Traditional","iol.co.za-m11","2014-04-20","months","11","341","33100","33100","2013-05-14","2013-06-14"
"Los Angeles Times","Traditional","latimes.com-m5","2014-04-20","months","5","155","43200","-9500","2013-11-16","2013-12-17"
"Los Angeles Times","Traditional","latimes.com-m6","2014-04-20","months","6","186","52700","-8700","2013-10-16","2013-11-16"
"Los Angeles Times","Traditional","latimes.com-m7","2014-04-20","months","7","217","61400","-8500","2013-09-15","2013-10-16"
"Los Angeles Times","Traditional","latimes.com-m8","2014-04-20","months","8","248","69900","0","2013-08-15","2013-09-15"
"Los Angeles Times","Traditional","latimes.com-m9","2014-04-20","months","9","279","69900","-7800","2013-07-15","2013-08-15"
"Los Angeles Times","Traditional","latimes.com-m10","2014-04-20","months","10","310","77700","-7500","2013-06-14","2013-07-15"
"Los Angeles Times","Traditional","latimes.com-m11","2014-04-20","months","11","341","85200","85200","2013-05-14","2013-06-14"
"News.com.au","Traditional","news.com.au-m5","2014-04-20","months","5","155","33200","-17400","2013-11-16","2013-12-17"
"News.com.au","Traditional","news.com.au-m6","2014-04-20","months","6","186","50600","-6000","2013-10-16","2013-11-16"
"News.com.au","Traditional","news.com.au-m7","2014-04-20","months","7","217","56600","-6300","2013-09-15","2013-10-16"
"News.com.au","Traditional","news.com.au-m8","2014-04-20","months","8","248","62900","0","2013-08-15","2013-09-15"
"News.com.au","Traditional","news.com.au-m9","2014-04-20","months","9","279","62900","-5200","2013-07-15","2013-08-15"
"News.com.au","Traditional","news.com.au-m10","2014-04-20","months","10","310","68100","-6300","2013-06-14","2013-07-15"
"News.com.au","Traditional","news.com.au-m11","2014-04-20","months","11","341","74400","74400","2013-05-14","2013-06-14"
"The New York Times","Traditional","nytimes.com-m5","2014-04-20","months","5","155","34500","-7000","2013-11-16","2013-12-17"
"The New York Times","Traditional","nytimes.com-m6","2014-04-20","months","6","186","41500","-6500","2013-10-16","2013-11-16"
"The New York Times","Traditional","nytimes.com-m7","2014-04-20","months","7","217","48000","-6000","2013-09-15","2013-10-16"
"The New York Times","Traditional","nytimes.com-m8","2014-04-20","months","8","248","54000","0","2013-08-15","2013-09-15"
"The New York Times","Traditional","nytimes.com-m9","2014-04-20","months","9","279","54000","-6600","2013-07-15","2013-08-15"
"The New York Times","Traditional","nytimes.com-m10","2014-04-20","months","10","310","60600","-6600","2013-06-14","2013-07-15"
"The New York Times","Traditional","nytimes.com-m11","2014-04-20","months","11","341","67200","67200","2013-05-14","2013-06-14"
"Reddit","Blogs-Social","reddit.com-m5","2014-04-20","months","5","155","1890000","-10000","2013-11-16","2013-12-17"
"Reddit","Blogs-Social","reddit.com-m6","2014-04-20","months","6","186","1900000","0","2013-10-16","2013-11-16"
"Reddit","Blogs-Social","reddit.com-m7","2014-04-20","months","7","217","1900000","0","2013-09-15","2013-10-16"
"Reddit","Blogs-Social","reddit.com-m8","2014-04-20","months","8","248","1900000","0","2013-08-15","2013-09-15"
"Reddit","Blogs-Social","reddit.com-m9","2014-04-20","months","9","279","1900000","0","2013-07-15","2013-08-15"
"Reddit","Blogs-Social","reddit.com-m10","2014-04-20","months","10","310","1900000","0","2013-06-14","2013-07-15"
"Reddit","Blogs-Social","reddit.com-m11","2014-04-20","months","11","341","1900000","1900000","2013-05-14","2013-06-14"
"Spiegel","Traditional","spiegel.de-m5","2014-04-20","months","5","155","15400","-3500","2013-11-16","2013-12-17"
"Spiegel","Traditional","spiegel.de-m6","2014-04-20","months","6","186","18900","-4000","2013-10-16","2013-11-16"
"Spiegel","Traditional","spiegel.de-m7","2014-04-20","months","7","217","22900","-3000","2013-09-15","2013-10-16"
"Spiegel","Traditional","spiegel.de-m8","2014-04-20","months","8","248","25900","0","2013-08-15","2013-09-15"
"Spiegel","Traditional","spiegel.de-m9","2014-04-20","months","9","279","25900","-2800","2013-07-15","2013-08-15"
"Spiegel","Traditional","spiegel.de-m10","2014-04-20","months","10","310","28700","-2900","2013-06-14","2013-07-15"
"Spiegel","Traditional","spiegel.de-m11","2014-04-20","months","11","341","31600","31600","2013-05-14","2013-06-14"
"The Daily Beast","Independent","thedailybeast.com-m5","2014-04-20","months","5","155","4880","-1000","2013-11-16","2013-12-17"
"The Daily Beast","Independent","thedailybeast.com-m6","2014-04-20","months","6","186","5880","-1030","2013-10-16","2013-11-16"
"The Daily Beast","Independent","thedailybeast.com-m7","2014-04-20","months","7","217","6910","-1050","2013-09-15","2013-10-16"
"The Daily Beast","Independent","thedailybeast.com-m8","2014-04-20","months","8","248","7960","0","2013-08-15","2013-09-15"
"The Daily Beast","Independent","thedailybeast.com-m9","2014-04-20","months","9","279","7960","-1080","2013-07-15","2013-08-15"
"The Daily Beast","Independent","thedailybeast.com-m10","2014-04-20","months","10","310","9040","-1260","2013-06-14","2013-07-15"
"The Daily Beast","Independent","thedailybeast.com-m11","2014-04-20","months","11","341","10300","10300","2013-05-14","2013-06-14"
"The Guardian","Traditional","theguardian.com-m5","2014-04-20","months","5","155","67100","-12100","2013-11-16","2013-12-17"
"The Guardian","Traditional","theguardian.com-m6","2014-04-20","months","6","186","79200","-12600","2013-10-16","2013-11-16"
"The Guardian","Traditional","theguardian.com-m7","2014-04-20","months","7","217","91800","-20200","2013-09-15","2013-10-16"
"The Guardian","Traditional","theguardian.com-m8","2014-04-20","months","8","248","112000","0","2013-08-15","2013-09-15"
"The Guardian","Traditional","theguardian.com-m9","2014-04-20","months","9","279","112000","-34000","2013-07-15","2013-08-15"
"The Guardian","Traditional","theguardian.com-m10","2014-04-20","months","10","310","146000","-134000","2013-06-14","2013-07-15"
"The Guardian","Traditional","theguardian.com-m11","2014-04-20","months","11","341","280000","280000","2013-05-14","2013-06-14"
"theRealNews.com","Independent","therealnews.com-m5","2014-04-20","months","5","155","1010","-140","2013-11-16","2013-12-17"
"theRealNews.com","Independent","therealnews.com-m6","2014-04-20","months","6","186","1150","-130","2013-10-16","2013-11-16"
"theRealNews.com","Independent","therealnews.com-m7","2014-04-20","months","7","217","1280","-90","2013-09-15","2013-10-16"
"theRealNews.com","Independent","therealnews.com-m8","2014-04-20","months","8","248","1370","10","2013-08-15","2013-09-15"
"theRealNews.com","Independent","therealnews.com-m9","2014-04-20","months","9","279","1360","-90","2013-07-15","2013-08-15"
"theRealNews.com","Independent","therealnews.com-m10","2014-04-20","months","10","310","1450","-80","2013-06-14","2013-07-15"
"theRealNews.com","Independent","therealnews.com-m11","2014-04-20","months","11","341","1530","1530","2013-05-14","2013-06-14"
"The Washington Post","Traditional","washingtonpost.com-m5","2014-04-20","months","5","155","44700","-8300","2013-11-16","2013-12-17"
"The Washington Post","Traditional","washingtonpost.com-m6","2014-04-20","months","6","186","53000","-6500","2013-10-16","2013-11-16"
"The Washington Post","Traditional","washingtonpost.com-m7","2014-04-20","months","7","217","59500","-5700","2013-09-15","2013-10-16"
"The Washington Post","Traditional","washingtonpost.com-m8","2014-04-20","months","8","248","65200","0","2013-08-15","2013-09-15"
"The Washington Post","Traditional","washingtonpost.com-m9","2014-04-20","months","9","279","65200","-5600","2013-07-15","2013-08-15"
"The Washington Post","Traditional","washingtonpost.com-m10","2014-04-20","months","10","310","70800","-5500","2013-06-14","2013-07-15"
"The Washington Post","Traditional","washingtonpost.com-m11","2014-04-20","months","11","341","76300","76300","2013-05-14","2013-06-14"
"WorldNews Network","Independent","wn.com-m5","2014-04-20","months","5","155","1510000","-20000","2013-11-16","2013-12-17"
"WorldNews Network","Independent","wn.com-m6","2014-04-20","months","6","186","1530000","-10000","2013-10-16","2013-11-16"
"WorldNews Network","Independent","wn.com-m7","2014-04-20","months","7","217","1540000","-20000","2013-09-15","2013-10-16"
"WorldNews Network","Independent","wn.com-m8","2014-04-20","months","8","248","1560000","0","2013-08-15","2013-09-15"
"WorldNews Network","Independent","wn.com-m9","2014-04-20","months","9","279","1560000","-30000","2013-07-15","2013-08-15"
"WorldNews Network","Independent","wn.com-m10","2014-04-20","months","10","310","1590000","-20000","2013-06-14","2013-07-15"
"WorldNews Network","Independent","wn.com-m11","2014-04-20","months","11","341","1610000","1610000","2013-05-14","2013-06-14"
"Wordpress","Blogs-Social","wordpress.com-m5","2014-04-20","months","5","155","25300000","-6000000","2013-11-16","2013-12-17"
"Wordpress","Blogs-Social","wordpress.com-m6","2014-04-20","months","6","186","31300000","-4400000","2013-10-16","2013-11-16"
"Wordpress","Blogs-Social","wordpress.com-m7","2014-04-20","months","7","217","35700000","-2900000","2013-09-15","2013-10-16"
"Wordpress","Blogs-Social","wordpress.com-m8","2014-04-20","months","8","248","38600000","100000","2013-08-15","2013-09-15"
"Wordpress","Blogs-Social","wordpress.com-m9","2014-04-20","months","9","279","38500000","-1500000","2013-07-15","2013-08-15"
"Wordpress","Blogs-Social","wordpress.com-m10","2014-04-20","months","10","310","40000000","-700000","2013-06-14","2013-07-15"
"Wordpress","Blogs-Social","wordpress.com-m11","2014-04-20","months","11","341","40700000","40700000","2013-05-14","2013-06-14"
"Xinhuanet","Traditional","xinhuanet.com-m5","2014-04-20","months","5","155","366000","0","2013-11-16","2013-12-17"
"Xinhuanet","Traditional","xinhuanet.com-m6","2014-04-20","months","6","186","366000","0","2013-10-16","2013-11-16"
"Xinhuanet","Traditional","xinhuanet.com-m7","2014-04-20","months","7","217","366000","0","2013-09-15","2013-10-16"
"Xinhuanet","Traditional","xinhuanet.com-m8","2014-04-20","months","8","248","366000","0","2013-08-15","2013-09-15"
"Xinhuanet","Traditional","xinhuanet.com-m9","2014-04-20","months","9","279","366000","0","2013-07-15","2013-08-15"
"Xinhuanet","Traditional","xinhuanet.com-m10","2014-04-20","months","10","310","366000","0","2013-06-14","2013-07-15"
"Xinhuanet","Traditional","xinhuanet.com-m11","2014-04-20","months","11","341","366000","366000","2013-05-14","2013-06-14"
